47
580
8
11
81
103
52
35
5
72
58
47
37
6
5
7
3
3
5
7
3
7
3
6
4
68
16
7
5
8
6
6
6
91
4
4
6
10
33
4
15
12
4
17
39
12
6
9
7
57
4
9
6
8
6
7
6
6
8
7
5
5
5
6
4
7
6
6
5
8
4
8
4
5
6
11
8
8
5
6
6
9
7
6
4
6
5
4
5
11
6
5
4
7
6
7
4
7
4
4
4
6
5
10
6
7
5
5
5
6
4
4
4
6
6
10
5
11
4
7
5
7
4
7
6
4
5
10
4
5
18
17
5
11
6
11
7
7
6
9
7
9
5
6
7
9
6
12
5
6
5
5
11
23
6
9
55
15
10
8
8
14
7
8
57
15
5
7
5
7
5
11
8
10
6
8
6
7
5
12
5
6
5
7
7
7
7
9
7
7
5
8
7
8
7
8
5
6
7
8
6
7
6
8
6
10
5
8
41
10
9
10
7
8
7
46
5
13
8
9
5
7
5
44
7
8
8
9
9
20
46
51
7
9
6
7
7
47
21
15
102
10
7
9
48
50
34
28
22
12
38
10
46
12
8
12
43
42
50
16
34
71
4
11
7
20
22
13
46
35
8
54
6
4
4
12
42
12
6
41
8
9
7
7
43
12
6
7
7
11
8
7
42
11
7
6
7
10
7
8
8
8
6
6
6
8
53
11
9
9
7
77
7
50
5
13
5
12
30
62
41
7
70
10
8
38
33
16
8
10
25
47
65
21
9
11
8
21
37
42
27
14
13
11
13
10
8
45
7
10
9
7
8
15
9
44
54
11
7
9
7
43
7
7
7
10
7
9
7
15
11
9
8
7
41
47
6
8
7
8
6
46
24
47
9
46
10
10
8
11
44
44
48
15
7
10
7
63
10
13
11
11
11
11
11
62
8
11
9
9
7
12
8
11
8
14
9
11
8
10
52
16
9
11
8
67
37
14
10
10
8
9
7
11
14
11
41
15
44
11
15
17
8
74
8
8
7
10
7
8
8
13
7
12
12
13
7
8
7
11
8
11
7
36
9
43
8
10
8
11
43
12
7
11
9
8
9
11
8
8
9
8
11
10
8
10
8
9
7
13
8
10
8
9
10
10
8
11
8
10
8
9
7
10
7
42
9
11
55
80
8
13
23
32
7
9
36
43
8
11
8
7
8
13
8
11
10
16
30
46
6
7
7
9
52
9
9
14
8
8
8
9
8
9
8
11
8
8
7
10
46
11
8
11
9
13
7
14
91
12
6
10
9
82
42
16
6
6
8
9
7
7
6
11
6
8
7
11
11
10
8
7
7
12
6
21
19
6
6
11
6
12
8
13
5
8
7
7
7
11
7
6
6
10
7
12
6
41
6
10
7
5
7
12
41
6
7
7
5
5
6
10
6
16
13
8
7
6
7
9
5
8
6
44
5
11
6
9
5
7
44
10
8
12
6
6
5
12
6
10
7
9
6
49
9
9
6
7
6
60
36
55
6
9
7
7
29
27
42
9
7
9
8
8
10
11
6
7
6
10
8
7
6
7
6
474
15
25
9
25
8
22
14
22
14
25
16
13
11
13
7
13
7
8
7
11
15
17
13
11
12
16
19
18
15
31
17
17
14
28
11
16
9
18
13
29
10
14
8
18
11
15
7
16
11
19
40
55
16
49
14
29
41
22
9
37
17
56
16
31
26
47
12
570
15
19
18
21
9
23
12
19
15
15
16
14
13
13
13
16
13
14
10
7
10
13
11
16
13
16
19
14
568
35
13
21
10
18
10
36
12
24
11
22
571
26
18
23
19
24
14
21
12
11
8
11
9
22
16
18
25
18
8
725
18
94
52
79
78
58
161
152
36
136
22
789
19
18
25
25
29
29
59
21
16
18
11
52
10
52
7
729
93
54
151
70
64
123
740
47
23
22
49
73
37
29
18
22
565
68
50
41
18
29
20
24
47
58
53
36
12
14
8
15
12
42
26
19
10
13
7
10
9
19
52
35
13
554
656
35
31
30
20
35
13
15
62
22
59
18
13
15
14
16
15
10
51
35
10
25
19
15
45
623
566
43
31
41
18
28
25
40
25
36
16
23
13
23
13
19
13
17
10
18
11
18
11
11
9
17
8
9
10
62
16
16
14
18
65
13
66
12
12
15
19
41
37
11
15
20
18
13
11
13
9
12
11
14
15
12
65
13
63
16
9
7
7
7
9
9
8
8
7
9
19
17
24
29
12
26
6
17
6
18
46
53
19
51
36
31
10
50
23
21
10
21
40
23
6
11
26
29
13
22
47
563
619
31
23
26
20
24
12
19
11
18
21
18
18
17
13
11
12
21
54
16
8
12
11
17
14
18
47
14
17
59
19
18
11
14
15
10
55
34
25
22
14
20
11
12
15
12
8
17
10
16
11
18
12
16
15
20
24
31
19
54
10
13
13
47
14
12
48
18
47
14
16
20
20
21
17
21
22
647
40
44
29
38
13
31
21
36
36
36
10
23
16
27
8
22
13
18
12
17
12
24
47
22
9
18
9
15
12
50
14
13
14
20
19
27
19
19
12
15
13
14
14
17
31
37
15
39
23
28
25
30
12
31
63
26
63
27
60
16
59
14
649
18
30
26
21
22
23
20
10
23
19
20
19
19
14
19
12
15
45
112
8
11
7
13
40
18
48
13
9
15
12
11
11
12
11
13
8
11
14
15
10
10
11
13
10
11
12
12
11
10
12
12
12
14
12
10
10
10
47
13
8
9
10
8
9
9
49
14
10
10
12
21
11
14
16
11
12
14
11
16
17
14
9
11
10
18
11
14
11
14
8
8
7
10
8
11
12
9
10
10
10
10
8
8
8
9
13
14
8
11
11
19
16
15
16
17
12
11
12
15
9
10
11
9
593
43
17
34
13
29
11
30
34
46
22
30
22
32
16
21
38
38
13
29
12
35
9
40
32
47
24
31
30
32
20
34
11
32
9
23
10
14
16
20
44
25
18
32
20
30
12
29
39
31
13
31
19
36
27
89
60
26
65
76
13
17
9
13
13
19
11
18
16
20
67
21
65
32
14
37
23
34
17
26
25
37
25
74
73
25
17
23
20
54
19
29
18
17
13
32
75
73
14
15
18
19
18
19
13
17
19
21
17
24
25
22
20
27
18
61
58
26
12
13
13
14
40
47
18
29
18
75
26
79
20
32
13
18
85
94
21
43
19
38
20
33
14
26
15
24
12
70
42
42
10
17
12
16
11
14
10
15
11
12
9
14
12
18
13
13
10
53
9
13
11
38
24
33
60
41
23
33
76
83
19
22
42
25
13
26
22
88
66
65
15
29
19
20
8
54
14
16
16
18
9
28
55
69
10
19
16
60
11
23
11
14
11
26
63
38
36
33
171
454
27
17
875
995
17
905
873
74
52
472
28
527
91
97
58
757
90
947
7
13
25
611
12
20
403
375
782
97
102
99
26
532
36
781
46
738
597
95
730
457
463
323
244
250
38
145
10
38
89
233
340
48
25
328
33
11
239
28
17
27
25
13
15
24
12
17
13
16
13
17
9
19
11
8
14
10
13
13
13
13
15
14
10
13
237
298
49
26
43
33
18
43
18
40
19
40
19
33
16
28
18
30
48
28
18
24
13
33
24
39
57
31
26
30
22
37
13
22
8
9
30
23
10
12
10
19
8
8
8
20
15
16
13
18
12
11
9
15
35
55
18
39
34
42
21
55
25
36
16
26
13
57
12
20
18
27
13
17
13
57
26
34
45
51
25
47
16
72
48
31
12
68
20
346
34
67
20
93
179
194
14
874
21
580
102
164
133
741
511
85
26
34
56
42
65
104
53
39
17
24
39
115
100
31
19
24
48
26
16
23
13
20
15
23
23
30
18
24
19
18
16
38
21
36
23
35
15
25
16
17
16
64
18
27
10
21
15
32
15
55
9
61
14
18
16
22
14
21
34
41
14
23
14
31
10
21
17
23
20
31
8
22
12
25
10
24
17
21
13
24
18
27
18
32
17
23
15
23
12
18
17
23
18
25
13
22
18
22
18
30
19
21
19
25
19
29
16
28
20
26
19
28
20
26
20
39
16
27
18
41
29
31
14
27
13
19
15
29
18
79
81
77
15
27
94
28
60
14
9
13
14
27
10
31
19
27
15
37
18
33
14
25
16
19
13
21
11
26
53
21
13
21
14
67
16
65
54
71
72
23
49
21
9
13
64
28
20
67
11
16
12
15
64
31
26
18
27
21
12
17
14
16
11
14
13
12
8
11
9
12
10
15
12
13
10
13
10
11
9
11
13
16
11
12
12
16
8
12
13
26
14
23
11
26
10
28
13
18
10
27
12
14
9
56
14
22
13
65
16
22
9
70
34
20
9
22
19
20
35
27
9
14
15
47
13
17
12
15
12
18
19
37
24
31
21
35
25
39
15
23
19
32
24
29
21
31
20
28
15
25
14
59
8
17
12
22
14
23
29
77
54
37
16
32
14
35
32
51
57
36
15
59
20
23
18
56
18
22
16
17
19
18
8
12
10
14
10
12
12
19
9
12
9
13
11
13
10
33
16
21
446
31
49
451
26
31
23
46
23
32
58
34
22
32
13
20
9
14
11
68
17
29
12
25
55
25
12
22
14
25
13
27
15
20
15
20
13
18
16
22
16
18
13
22
11
14
16
22
16
17
11
21
23
58
16
22
12
19
49
21
12
455
28
20
14
16
20
24
20
17
19
21
16
17
8
20
15
16
10
13
11
10
10
10
12
53
20
22
9
12
11
15
9
54
12
51
10
15
11
8
9
10
33
26
10
18
10
15
11
15
11
12
9
13
10
13
13
17
10
11
10
13
12
12
20
20
18
18
17
22
23
17
21
24
15
19
18
18
17
19
14
454
28
48
26
30
25
39
18
169
15
23
21
33
15
29
18
20
14
21
15
25
172
30
29
32
21
29
25
455
81
78
18
16
17
18
20
23
21
12
22
21
13
14
17
701
148
161
53
176
44
146
119
47
57
88
14
105
17
87
33
85
57
38
23
33
13
155
38
145
115
135
24
50
44
77
25
41
20
25
22
41
15
27
21
33
33
66
49
56
18
47
23
57
29
52
18
36
54
323
49
76
45
60
25
72
20
57
66
67
26
95
65
67
41
174
380
57
307
72
61
58
49
71
28
65
27
63
20
46
15
50
21
41
23
41
16
36
16
38
25
31
18
25
19
34
18
25
14
31
16
23
17
28
17
29
16
34
12
28
15
31
1042
900
508
471
42
32
371
308
14
20
17
13
11
13
11
13
12
12
12
13
12
12
14
19
16
12
12
14
13
12
12
14
15
14
12
453
451
183
19
33
19
30
18
13
20
41
22
43
13
36
13
455
542
33
24
25
15
19
19
27
25
27
18
67
26
32
15
18
15
27
53
17
11
19
13
20
20
20
16
20
15
19
15
15
13
18
14
20
15
493
12
19
15
19
8
19
22
23
15
20
16
16
10
16
9
16
9
15
9
13
7
8
7
11
7
8
13
12
16
20
11
16
10
14
10
18
9
44
11
13
451
54
68
453
61
57
11
15
57
66
11
18
14
16
14
24
17
18
16
26
17
22
21
16
18
15
10
13
10
11
13
14
11
17
16
13
11
12
9
21
19
18
11
14
12
16
10
51
13
18
16
64
64
51
8
45
11
13
43
11
10
13
9
8
8
11
11
8
8
13
10
15
9
10
9
14
9
10
8
10
6
10
62
16
96
18
7
13
15
13
16
16
49
16
10
17
10
14
9
13
37
9
7
18
10
38
8
7
8
13
61
19
57
9
9
16
61
34
6
35
13
14
8
48
7
30
61
18
9
12
8
85
12
15
58
23
33
41
9
10
9
449
22
49
18
34
17
36
14
19
11
28
15
21
15
22
19
21
22
24
11
21
14
19
16
19
14
21
16
32
19
31
12
24
52
23
18
37
15
55
7
535
12
17
12
19
22
31
18
22
14
21
14
19
16
17
13
18
14
18
15
21
20
28
17
30
28
25
13
21
17
24
21
19
9
14
10
9
10
10
9
18
10
18
16
28
30
22
19
26
14
15
20
58
9
22
12
20
8
18
65
44
12
65
10
62
67
21
14
62
62
56
21
25
14
22
13
17
10
17
10
13
48
12
11
12
10
13
9
51
11
13
10
11
10
12
11
12
10
11
16
14
10
21
17
19
8
12
11
19
42
19
9
21
11
52
12
59
9
16
10
21
9
11
8
58
10
13
10
13
10
44
8
22
9
13
8
48
8
51
19
22
15
14
58
55
14
22
18
51
17
18
10
14
16
20
20
20
13
18
16
17
13
25
18
14
19
22
15
19
12
37
45
13
11
12
12
11
11
54
11
13
12
13
11
12
10
12
16
21
11
13
11
9
10
9
13
14
9
23
10
23
12
15
11
12
9
17
18
51
11
17
10
14
36
17
8
12
10
57
12
22
16
18
11
18
10
31
16
23
14
19
14
13
10
28
11
24
16
64
19
19
21
24
14
28
63
37
612
19
19
24
11
19
9
11
11
15
13
11
19
24
12
13
14
11
10
12
14
13
11
11
11
15
18
18
532
14
58
20
9
11
10
8
61
18
541
616
21
535
55
57
30
52
73
86
18
23
15
34
542
34
13
23
18
23
16
40
19
24
15
22
28
26
13
20
19
26
18
19
16
20
16
18
14
17
15
14
14
15
21
13
14
17
12
14
611
573
9
13
13
14
10
10
47
17
8
16
11
11
7
7
8
10
11
10
464
17
16
28
15
21
15
22
14
10
14
16
12
21
17
20
26
19
16
27
553
20
9
18
10
13
19
17
14
13
10
11
10
15
9
10
9
14
9
19
9
9
8
8
7
12
11
15
7
19
7
18
11
14
9
14
9
11
9
10
9
50
13
36
11
40
9
11
10
39
16
29
101
72
19
26
16
27
16
21
14
25
13
70
18
71
13
17
12
16
14
12
14
18
10
16
17
12
18
13
11
14
10
23
16
17
11
20
9
21
14
17
9
17
9
14
12
12
8
11
13
11
11
10
13
15
10
10
10
10
9
11
10
8
10
10
9
9
9
10
8
9
15
14
16
13
8
9
10
16
13
15
16
16
17
15
14
24
20
29
19
16
9
17
10
17
9
10
10
15
11
19
16
14
12
9
10
11
9
9
8
10
10
9
13
11
15
18
14
15
12
13
15
14
13
12
13
16
13
11
9
11
12
11
10
10
10
14
14
14
15
15
12
12
11
13
13
16
14
11
12
16
11
11
11
20
18
9
9
9
9
10
9
10
14
12
13
10
13
12
13
15
16
16
14
14
14
14
13
11
12
16
14
12
10
12
12
13
14
12
11
12
15
16
17
74
15
495
483
22
15
70
15
11
9
10
9
12
8
40
8
10
11
13
46
17
16
13
9
11
9
18
15
13
12
11
10
11
10
12
9
9
9
10
9
12
10
12
11
10
11
18
11
9
10
13
11
10
10
9
9
22
11
19
16
17
11
19
10
22
17
21
13
15
13
17
14
12
14
15
11
14
18
27
490
14
385
10
10
13
7
7
7
12
6
8
7
12
9
9
8
7
7
9
7
9
8
10
6
7
10
12
9
7
7
9
8
12
11
14
8
8
8
10
7
8
10
13
7
7
6
6
6
6
6
8
7
8
9
7
9
9
8
8
7
8
6
7
7
17
21
47
14
43
18
18
44
18
40
18
7
81
12
42
38
51
42
8
12
18
16
19
40
46
9
49
10
8
9
52
10
12
8
36
9
9
32
22
8
8
7
12
9
13
8
10
7
7
60
37
35
10
9
10
9
10
12
59
61
14
9
10
11
12
8
11
7
15
10
9
13
64
7
16
14
9
7
10
61
13
62
36
6
13
10
31
8
22
42
54
12
16
7
8
7
75
6
7
5
6
6
48
83
7
6
10
5
43
5
12
5
5
5
8
42
7
6
10
8
9
8
42
6
6
6
6
6
6
7
7
5
5
5
6
5
7
5
6
6
8
7
7
6
12
5
5
5
12
5
5
5
5
5
12
5
12
7
34
5
8
6
6
32
9
7
8
7
9
5
9
5
8
6
6
5
6
6
8
7
7
7
10
5
5
5
7
5
7
5
12
5
5
5
8
6
6
5
9
7
8
7
7
7
6
6
21
10
44
10
12
10
15
38
45
8
11
9
12
8
15
8
42
9
12
9
10
9
13
11
47
10
9
9
9
9
9
47
43
12
12
12
12
38
10
9
15
15
17
10
15
9
13
10
48
11
18
11
18
45
10
9
12
10
10
9
13
11
12
11
10
10
10
10
10
10
10
11
14
9
14
9
10
9
11
10
10
10
13
11
11
11
10
10
10
10
10
10
10
10
10
10
10
10
10
10
10
10
10
10
10
10
10
10
10
10
10
10
10
10
10
10
10
10
10
10
48
10
10
10
10
47
14
9
9
9
16
11
9
9
12
9
10
9
13
11
14
9
16
9
9
9
12
10
10
9
12
10
12
11
11
11
10
10
10
10
10
10
10
10
10
10
10
10
10
10
10
10
10
10
14
9
16
9
9
9
12
9
9
9
12
11
11
10
15
9
17
9
16
9
16
44
12
8
8
8
43
55
20
46
9
8
46
10
10
9
13
11
12
11
10
10
10
10
48
9
9
9
10
38
9
7
8
10
14
7
9
7
12
7
8
7
10
7
10
7
14
7
7
7
10
8
8
7
11
9
13
9
8
8
8
8
8
8
8
8
8
8
8
8
8
8
8
8
8
9
13
7
9
7
12
7
8
7
8
7
12
7
14
7
44
7
10
8
12
40
14
7
7
7
10
7
8
8
9
7
8
20
20
7
13
7
9
7
11
7
8
8
9
7
7
7
8
7
7
7
7
7
7
7
7
7
7
7
7
7
7
7
7
7
7
7
9
7
7
7
9
7
7
8
9
7
8
7
7
7
7
7
12
7
14
7
12
7
14
7
7
7
14
7
9
7
14
7
7
7
10
10
9
7
8
8
9
9
12
8
13
7
9
7
8
7
8
8
9
8
8
8
7
7
7
7
7
7
7
7
7
7
7
7
7
7
7
7
7
7
12
7
14
7
7
7
13
7
12
7
7
8
61
10
10
10
13
10
15
9
58
14
8
7
14
7
7
7
14
7
9
7
14
7
7
7
11
10
13
7
9
7
12
7
8
7
8
7
7
8
10
9
9
9
8
8
15
10
10
10
14
9
16
9
9
8
11
10
10
9
13
11
12
11
10
10
10
10
10
10
10
14
11
10
14
9
16
9
11
9
21
8
10
8
10
8
15
9
9
7
10
8
13
9
13
10
10
9
11
17
14
19
67
58
15
11
14
9
12
8
9
7
10
41
15
11
12
10
46
11
14
9
9
9
14
9
10
8
13
9
11
11
11
9
17
11
23
8
13
9
52
11
12
7
601
47
96
147
186
28
169
879
110
56
118
46
149
57
148
390
351
79
72
21
47
21
50
18
149
71
76
82
115
116
140
77
221
36
86
68
73
77
110
47
102
84
127
74
110
31
77
92
129
92
121
38
91
85
77
39
67
25
83
23
90
23
54
16
36
17
40
49
105
22
31
14
51
124
49
19
30
65
82
178
936
88
83
81
78
616
18
13
12
17
43
12
8
6
41
5
6
7
8
8
13
37
55
4
7
8
9
53
37
6
11
7
9
6
7
7
8
7
7
7
8
8
9
7
8
5
4
4
4
6
8
8
12
5
8
57
65
13
10
6
7
5
5
4
7
6
11
5
11
6
10
7
9
5
8
9
8
5
11
7
12
7
10
6
12
6
7
9
8
9
10
7
13
5
7
5
6
6
10
8
11
59
39
28
9
10
13
4
9
5
12
5
8
6
8
7
9
7
6
5
6
6
5
7
11
7
9
7
7
5
11
4
8
5
7
6
12
5
5
5
9
6
11
5
11
6
7
9
42
9
13
13
13
11
11
635
130
32
71
11
54
26
77
23
78
19
47
31
65
64
72
27
61
25
47
32
55
27
55
28
69
29
50
75
90
51
66
32
69
28
82
50
87
57
77
43
63
111
57
43
99
44
121
24
64
26
58
16
45
18
54
11
41
18
30
16
28
11
38
8
43
21
30
21
45
16
61
16
35
18
27
41
42
105
78
40
77
31
110
54
60
16
48
15
51
17
50
15
39
61
77
77
68
21
51
20
77
13
34
55
72
53
67
14
65
74
76
68
68
50
110
57
49
37
54
9
76
17
43
16
47
19
49
17
33
16
49
11
77
35
58
63
75
38
101
33
96
72
76
46
78
44
75
29
65
22
59
18
57
18
45
46
55
16
45
8
39
16
61
74
72
62
63
31
72
32
66
27
70
23
59
18
57
12
53
10
46
15
40
17
41
10
28
19
29
17
25
11
29
38
97
45
73
40
69
84
66
19
76
61
78
46
80
88
87
44
78
25
55
20
54
23
71
13
42
16
47
15
45
38
64
19
82
104
63
99
75
33
56
23
65
45
68
18
84
35
69
37
70
29
67
23
59
28
65
23
49
21
67
50
70
55
65
45
83
16
82
26
61
47
68
35
63
22
79
24
58
18
41
17
46
10
110
29
74
67
78
51
73
31
68
31
75
23
55
15
70
61
63
55
58
38
70
45
56
22
55
18
53
14
51
10
46
17
53
14
45
17
30
45
69
60
69
48
60
21
64
24
54
14
63
12
57
24
53
12
38
12
44
8
24
7
34
9
24
10
27
6
28
11
56
10
25
12
72
11
24
38
41
37
28
26
39
19
53
11
25
11
20
10
23
28
72
72
75
57
69
46
73
30
116
26
65
65
66
53
79
38
104
22
65
22
49
12
54
14
56
20
39
20
46
17
33
43
57
56
65
56
64
61
87
58
66
37
58
18
58
11
56
18
59
49
47
11
55
9
79
60
64
51
67
52
78
32
68
18
47
15
50
10
57
9
46
15
45
12
46
12
35
10
20
11
31
6
18
11
26
70
55
16
50
64
21
9
70
21
67
38
50
41
64
23
64
20
57
16
56
19
58
15
43
22
107
14
74
34
61
20
56
56
105
55
69
59
62
42
67
93
67
30
54
25
105
45
87
37
101
686
36
16
57
14
19
16
25
13
15
47
15
10
16
8
28
9
18
10
10
11
14
10
13
8
17
11
12
7
12
10
9
9
11
8
12
7
11
10
8
14
16
9
21
17
18
8
11
9
14
17
18
8
11
6
12
10
13
8
15
8
12
15
21
8
14
8
12
8
17
7
15
12
18
12
19
12
20
12
16
8
13
9
20
13
18
11
18
9
12
8
12
9
16
10
497
10
29
15
22
19
22
11
15
9
15
11
19
12
23
20
26
19
30
11
21
51
26
16
25
18
26
20
68
14
21
21
36
19
23
13
21
13
16
16
19
18
17
17
22
15
19
23
28
11
21
21
23
15
22
18
21
17
20
19
25
16
17
20
20
12
12
11
13
11
12
9
15
16
24
10
21
9
15
11
16
9
13
9
13
7
9
8
11
8
7
8
8
9
8
8
9
9
7
8
8
8
10
8
8
8
7
8
9
9
7
7
8
8
9
8
10
9
9
9
8
8
6
8
6
7
42
7
8
8
6
46
21
15
20
9
11
14
15
14
10
12
29
11
23
12
15
11
14
14
627
16
21
16
23
10
20
13
23
13
29
13
18
15
18
7
12
11
15
13
15
15
19
12
12
14
16
12
19
17
15
11
15
14
9
11
22
13
20
16
19
15
21
20
18
9
9
9
19
21
22
14
14
13
13
618
30
12
622
15
26
20
44
15
18
12
16
31
10
9
19
15
19
10
13
12
25
14
19
19
18
12
18
16
17
18
22
13
20
9
16
11
13
13
18
9
10
11
25
13
14
14
21
12
14
13
25
10
17
7
15
10
15
8
11
10
12
13
68
34
36
8
8
11
20
622
27
16
21
11
18
18
21
13
15
14
19
8
16
626
647
14
19
9
16
17
14
14
657
15
19
13
24
15
28
15
26
646
25
14
16
10
14
11
16
9
12
10
14
9
9
14
12
8
19
12
15
10
16
8
11
8
17
12
15
11
660
11
18
12
25
15
32
14
28
14
18
9
13
8
8
10
652
16
12
11
14
15
16
10
11
9
9
12
20
12
18
17
19
16
16
13
17
12
14
10
13
10
46
20
17
12
16
17
14
46
14
13
24
23
19
12
16
658
624
23
25
16
23
12
24
11
18
17
19
625
699
17
17
16
23
48
16
15
29
10
52
10
13
10
10
50
47
8
17
9
22
9
13
11
12
16
16
10
8
11
651
619
27
12
25
12
11
11
18
13
9
623
689
13
16
5
11
15
14
42
12
11
7
9
10
7
17
61
8
8
6
9
6
62
475
23
27
14
19
29
81
14
30
6
11
6
12
9
26
58
777
36
108
110
67
83
53
28
312
10
146
155
59
32
115
27
168
15
150
47
86
183
53
41
161
106
51
15
34
146
89
203
65
65
86
32
81
85
50
276
118
117
125
339
127
353
65
128
289
50
66
68
169
127
127
141
57
745
62
88
91
18
33
23
40
15
18
12
22
17
20
33
33
13
17
11
26
13
19
18
26
13
25
15
24
13
28
15
21
13
24
11
11
8
17
16
22
21
27
11
20
10
20
14
15
10
29
16
30
15
22
15
27
32
39
27
42
40
30
26
32
32
29
14
25
47
34
20
24
11
26
10
17
13
19
14
28
29
83
21
74
10
23
54
31
11
23
9
52
8
27
17
13
23
31
24
40
14
27
13
22
10
16
21
31
14
24
23
31
14
27
10
24
11
24
15
24
11
23
11
23
12
14
7
14
11
20
12
13
9
11
11
9
11
12
13
15
9
11
9
9
10
29
24
31
13
28
20
31
12
29
14
18
10
13
8
9
8
27
10
21
14
32
10
23
7
19
10
16
10
12
10
13
10
10
11
13
10
11
8
11
10
13
10
12
9
11
8
11
10
12
12
13
9
515
10
14
14
18
8
12
11
10
9
15
8
19
11
13
9
14
12
15
12
14
12
13
12
14
17
14
18
17
13
10
16
16
11
13
15
13
12
11
8
7
7
14
13
17
17
12
8
14
9
16
10
14
9
12
12
16
14
14
10
13
8
8
8
10
9
7
8
8
8
8
11
11
9
9
8
10
18
16
13
18
13
16
11
13
13
10
10
10
45
10
11
14
12
46
12
9
9
10
9
11
10
9
9
9
10
11
16
14
12
11
10
9
8
10
10
11
11
14
14
16
12
12
7
10
7
9
9
12
9
14
18
12
8
9
9
9
6
8
13
471
10
20
15
17
18
17
17
22
19
19
17
18
17
15
17
15
13
767
433
142
105
83
37
57
30
54
28
61
24
42
25
41
49
37
17
22
16
58
18
61
17
45
27
51
18
40
22
42
24
34
23
27
15
39
25
66
26
35
17
72
33
77
52
58
24
50
17
70
17
47
13
40
19
49
59
82
53
75
32
72
25
47
32
54
14
39
24
38
27
33
23
33
23
32
28
36
34
36
19
76
40
64
14
54
26
42
13
41
24
49
33
49
23
53
17
44
13
45
16
38
18
37
11
44
17
38
18
32
15
32
71
72
62
69
27
40
25
76
85
63
64
81
55
107
25
73
22
78
21
68
15
48
15
44
55
52
86
73
46
76
28
65
21
52
51
57
16
41
17
26
13
32
20
78
33
58
28
54
34
41
19
54
14
42
14
36
13
41
21
31
21
51
22
43
27
41
28
33
31
46
19
27
20
67
69
77
63
68
31
73
28
58
14
67
34
75
58
79
50
78
42
65
14
66
18
65
50
59
20
63
39
58
15
53
12
48
13
54
21
79
15
38
16
44
48
38
11
29
12
36
12
25
18
96
64
36
18
44
26
29
16
43
13
34
11
47
71
92
20
41
48
31
25
49
13
28
19
31
111
43
79
39
40
42
18
29
24
227
37
227
24
36
16
38
18
17
18
23
75
22
18
76
18
20
20
19
23
18
17
19
19
65
35
19
48
18
105
75
17
17
41
58
32
72
43
114
