50
1248
32
38
304
474
314
96
20
366
332
328
328
22
28
16
14
18
30
48
42
40
14
22
36
536
222
56
20
18
26
30
34
658
24
60
62
32
388
20
138
48
34
138
398
18
14
14
24
442
40
60
26
38
54
50
54
52
84
38
32
30
60
70
76
64
30
84
86
66
26
40
46
58
32
102
74
38
44
18
40
14
64
20
34
50
66
14
62
16
26
58
8
26
78
34
16
18
32
36
38
8
34
82
86
78
16
22
30
50
28
16
20
54
74
40
16
12
20
24
38
22
34
34
56
16
84
54
20
20
184
184
24
26
26
82
30
48
26
52
56
22
42
54
54
42
58
64
22
46
40
42
114
274
46
46
498
102
50
50
30
44
44
42
488
44
24
60
32
32
40
32
68
42
42
44
58
52
20
20
20
42
28
56
68
72
52
32
60
30
40
38
26
48
44
16
10
54
70
22
18
80
8
76
50
66
20
18
306
28
44
32
38
62
20
314
20
62
48
18
14
18
30
310
22
24
58
16
20
374
334
332
14
36
32
34
48
232
74
38
554
44
26
42
308
376
238
76
230
22
302
10
280
22
42
70
392
224
238
38
202
442
10
28
34
34
202
34
264
226
18
228
36
14
12
44
232
42
12
318
48
30
14
36
310
22
40
8
12
14
14
50
308
12
38
24
48
32
32
26
16
22
36
22
18
14
508
50
58
38
20
490
66
236
24
32
24
16
128
372
306
36
364
42
46
324
222
42
18
18
142
226
352
16
68
78
28
98
244
206
100
28
94
48
66
28
34
300
8
36
40
8
36
32
12
466
518
20
28
18
10
400
20
20
20
34
24
12
14
54
36
26
34
50
312
244
50
24
64
62
18
244
98
214
30
360
32
42
12
46
342
222
308
102
14
36
34
476
28
36
56
60
48
46
50
468
12
58
62
60
16
40
38
22
14
18
62
18
44
24
442
62
18
14
56
476
238
206
198
26
64
30
52
64
50
48
364
54
358
14
118
116
26
500
26
20
28
38
54
30
54
58
20
32
60
74
58
30
20
18
54
44
22
228
66
386
58
38
34
28
398
44
24
52
56
20
42
26
26
34
34
24
56
18
34
16
26
60
10
74
14
20
28
86
78
20
36
42
26
24
48
50
10
36
44
350
34
42
310
416
8
66
188
194
20
16
236
358
72
78
20
16
22
44
22
20
38
162
276
406
40
40
54
14
470
32
66
22
22
26
22
38
34
20
26
22
24
24
66
46
354
14
36
50
62
60
16
100
578
26
54
60
36
482
236
42
10
10
66
66
62
14
16
26
12
38
26
42
50
28
52
24
18
14
16
240
240
40
30
26
52
60
26
28
34
30
28
12
16
54
60
18
14
16
12
22
36
350
32
32
50
30
52
28
346
20
36
38
10
10
48
62
52
318
334
20
34
14
44
28
22
24
16
358
12
48
34
24
16
38
358
16
62
56
22
20
40
26
28
36
62
44
38
370
50
22
26
18
20
282
262
252
48
26
58
52
104
150
374
22
44
30
68
18
40
24
28
24
32
68
36
10
38
16
12
1076
72
50
14
50
52
44
58
68
52
46
58
24
38
22
20
20
20
14
8
10
70
52
42
34
36
66
276
48
46
22
12
12
32
16
22
28
54
58
36
44
28
34
34
18
24
38
36
20
44
52
358
430
44
196
26
58
158
36
50
204
64
348
56
42
64
60
10
1178
46
32
60
66
56
54
78
78
70
72
70
50
54
56
58
74
48
40
60
64
70
24
84
86
60
80
66
62
1186
40
40
62
8
12
18
16
26
30
16
12
1190
70
68
64
60
52
76
46
74
46
18
46
26
70
62
58
78
62
26
1352
84
210
98
128
174
68
296
182
86
184
36
1362
62
58
154
40
210
72
410
56
50
72
82
412
56
280
30
1414
482
54
196
58
120
454
1284
56
46
48
422
210
202
152
14
12
1178
220
220
34
66
78
68
60
312
320
206
54
58
48
36
54
36
194
84
22
28
18
22
18
62
68
314
48
42
1184
1316
62
62
66
34
26
24
26
416
42
276
8
40
14
44
30
12
40
266
342
14
94
92
32
348
1276
1168
74
68
62
64
40
56
46
60
38
54
60
22
56
30
10
48
20
6
34
54
34
32
16
22
26
8
10
12
188
142
52
130
130
208
18
234
26
54
24
124
202
156
18
58
56
36
18
24
28
30
44
34
36
48
18
212
28
216
32
26
14
6
18
40
36
28
6
34
42
120
100
32
22
16
12
40
22
12
22
292
68
16
32
78
86
46
158
156
34
26
24
324
56
60
4
56
12
46
54
314
1174
1290
58
54
46
46
50
64
68
20
74
58
56
60
52
22
10
20
44
264
32
34
24
30
40
40
54
240
24
50
254
60
62
46
48
70
52
252
68
74
36
18
32
20
22
42
24
20
52
10
16
16
44
16
22
40
66
56
78
60
254
30
24
50
382
44
28
240
36
372
52
68
54
40
46
52
48
58
1316
74
66
56
70
68
62
50
64
32
30
16
48
70
70
30
28
50
42
46
38
32
60
300
50
62
46
24
36
32
298
34
26
38
28
56
56
38
52
26
52
58
26
20
16
64
28
46
50
36
30
12
44
40
128
182
218
136
122
166
168
154
34
1296
70
72
60
62
54
48
32
26
76
50
60
56
46
14
36
22
20
170
462
24
26
32
36
352
22
242
26
24
28
36
28
14
18
26
26
12
36
42
42
6
16
32
38
10
12
40
38
14
22
24
34
18
50
40
10
22
10
244
18
40
34
32
18
20
32
260
26
10
10
32
8
36
18
20
38
56
20
42
24
18
18
6
24
22
34
18
16
38
18
24
26
26
20
6
64
46
24
40
48
42
24
16
14
20
14
32
34
14
20
20
40
50
38
36
26
42
36
30
40
20
28
24
16
1252
64
50
36
40
32
34
48
48
50
58
32
36
28
18
62
66
42
12
16
18
16
12
38
46
130
34
36
42
26
38
40
34
24
14
24
60
22
20
50
286
44
54
44
30
16
38
50
298
26
16
62
64
82
132
260
184
104
228
210
60
66
22
20
20
22
12
28
22
46
232
140
214
22
24
62
56
28
48
36
56
28
36
294
444
48
38
32
32
366
38
42
36
40
30
88
260
232
30
50
46
46
50
36
22
42
42
32
56
50
44
34
64
80
58
316
248
30
34
12
24
18
200
298
24
36
136
230
152
214
52
54
30
50
206
216
48
72
60
48
46
54
30
34
36
38
38
230
216
116
16
36
38
36
20
26
30
20
24
24
32
38
26
30
30
12
16
316
24
26
24
50
28
26
302
66
54
64
266
254
30
46
302
16
98
86
24
164
156
304
34
70
82
36
24
304
66
26
76
58
36
64
308
282
40
8
158
190
44
36
36
32
32
40
218
100
178
142
860
1214
26
16
1444
1432
84
1416
1278
76
72
1056
62
1034
80
66
86
1324
226
1374
46
38
120
1090
106
116
1010
970
1516
54
56
68
218
1156
64
1320
68
1148
938
68
1446
1258
1230
624
562
566
182
366
10
156
444
606
704
22
74
696
150
42
610
56
52
84
108
54
74
62
42
48
56
66
68
84
38
70
68
50
56
14
66
50
58
34
70
66
46
28
606
680
150
38
38
46
30
50
34
40
52
44
50
34
24
22
26
48
284
42
42
36
22
18
32
52
284
46
54
36
34
164
34
36
20
18
162
24
20
22
34
40
36
30
20
38
24
24
42
32
44
24
40
20
32
30
44
40
52
58
56
178
56
68
56
44
46
172
10
54
58
62
46
14
26
298
56
54
78
72
40
40
36
302
290
52
34
212
132
748
40
292
100
448
828
464
22
1632
274
1232
274
444
432
1470
1278
236
16
76
224
74
222
368
352
16
12
58
234
558
380
56
36
38
412
62
62
60
56
40
20
42
46
70
80
36
32
28
50
70
44
32
28
26
34
36
36
38
28
350
78
44
30
58
80
82
64
350
40
342
36
22
48
50
56
48
136
222
36
16
32
64
42
16
48
26
38
48
16
62
54
14
16
16
38
32
20
50
50
52
70
86
38
44
22
48
32
22
32
46
54
62
32
42
36
44
48
60
72
68
74
56
38
46
66
46
56
56
54
68
38
36
52
34
42
48
58
44
40
64
50
70
46
62
42
44
48
510
190
224
56
78
488
52
222
22
22
28
20
38
26
52
72
58
48
62
36
38
14
42
14
38
22
18
28
20
344
26
28
14
46
286
24
414
298
242
242
32
422
46
20
28
476
166
156
162
24
40
64
32
496
174
196
44
194
142
16
38
56
22
26
18
22
24
32
58
56
36
34
68
62
26
40
48
10
30
22
16
24
12
22
46
58
28
24
54
38
216
42
16
22
32
40
40
40
54
48
52
36
32
16
348
14
30
16
410
24
28
52
356
310
38
44
34
158
42
418
28
44
46
16
424
38
54
18
46
16
60
22
70
96
42
160
164
50
58
36
88
100
74
90
68
26
28
44
34
72
34
50
386
44
50
64
166
142
74
154
400
438
72
52
56
64
30
84
140
300
58
38
406
24
18
54
340
64
58
72
68
32
22
18
52
50
24
60
68
66
58
36
34
18
28
28
40
24
52
28
48
1258
24
268
1270
54
60
52
74
78
32
328
52
60
22
50
38
42
18
22
422
12
54
22
38
418
36
34
38
42
22
16
38
26
54
66
26
14
22
48
40
46
46
32
20
16
16
36
32
22
38
16
38
274
510
20
50
44
14
422
52
46
1228
72
70
58
62
56
66
58
44
56
46
40
26
28
34
24
48
28
14
22
18
28
26
46
254
136
140
26
18
40
38
38
262
20
262
30
44
36
18
24
18
116
162
30
30
26
26
26
44
32
18
14
38
24
24
60
48
26
24
20
34
36
38
58
46
48
58
66
58
54
60
58
58
54
58
50
40
66
46
42
1246
90
52
68
70
62
74
80
852
64
84
72
54
44
38
48
44
38
42
38
28
844
38
54
58
76
76
52
1246
258
258
54
50
48
62
60
50
48
28
54
70
38
52
62
1532
530
400
90
404
82
388
396
54
164
332
58
336
28
186
104
242
198
38
44
38
42
420
88
376
360
376
68
90
158
178
58
46
68
40
32
50
56
68
76
68
40
72
94
76
14
60
78
80
46
46
54
36
52
810
52
30
40
28
18
52
32
18
46
46
28
392
46
44
22
524
866
34
758
58
28
60
34
68
24
74
58
40
50
28
44
44
20
48
36
26
56
52
20
44
46
42
44
38
28
58
42
36
42
42
16
22
46
52
52
36
46
36
34
52
18
38
1390
1400
1184
1254
36
18
1322
1336
28
46
34
12
20
28
12
20
26
28
12
32
36
36
48
58
50
34
22
34
54
54
56
56
10
22
22
1458
1258
852
36
60
28
80
74
68
84
48
66
36
18
66
62
1332
1352
58
60
54
58
54
106
60
66
54
28
340
92
46
44
52
46
68
342
36
46
60
48
56
62
74
64
80
88
62
48
50
58
64
64
54
66
1134
76
80
48
46
18
78
84
74
70
66
40
76
74
66
14
42
28
16
36
38
14
22
20
28
26
48
114
74
62
54
48
50
52
40
58
56
58
314
42
38
1052
94
288
1084
428
270
56
56
210
406
60
48
58
58
108
140
54
70
66
60
42
118
130
78
82
82
40
38
38
60
98
70
46
60
70
48
52
38
24
50
60
34
56
42
36
64
52
350
32
46
46
226
250
406
28
272
56
28
388
42
62
74
64
76
34
56
54
42
46
42
76
44
38
54
26
20
42
18
30
36
14
42
246
148
416
60
8
60
76
48
92
58
338
46
72
70
84
54
52
44
388
52
16
60
62
388
54
18
42
50
270
174
212
14
36
146
210
172
12
190
44
28
46
352
10
182
394
22
28
18
14
524
8
48
256
120
92
176
54
56
48
1064
88
76
58
54
70
64
72
38
40
98
74
66
76
54
70
96
60
54
78
68
68
38
56
30
62
66
54
60
68
66
32
64
418
50
54
66
52
398
16
1144
42
50
44
42
78
62
52
50
58
40
36
36
72
74
50
38
34
76
52
42
70
72
64
62
56
56
62
78
68
68
56
44
28
16
26
22
26
40
18
62
64
62
66
132
138
62
70
72
56
42
64
280
46
36
38
46
32
50
440
224
38
228
16
398
216
140
136
286
136
284
28
32
40
52
16
24
36
30
34
30
288
28
36
36
22
10
12
290
34
30
18
36
20
18
36
34
22
28
50
116
40
40
28
20
12
30
28
24
378
18
42
22
42
380
8
276
14
46
8
40
22
8
26
290
36
32
32
16
42
262
14
82
14
54
14
204
56
210
60
64
68
50
412
254
54
32
44
382
36
30
32
46
46
62
80
44
50
50
68
72
16
52
94
64
20
56
8
28
30
160
232
26
36
10
44
24
6
260
50
22
18
54
44
44
18
18
56
54
52
24
14
22
16
20
48
40
20
44
18
48
46
30
36
20
10
46
80
378
24
12
14
26
350
18
26
42
22
378
8
38
48
22
26
50
48
220
34
40
42
40
52
58
56
60
24
78
68
282
24
40
82
48
26
14
280
40
1384
54
54
34
18
12
14
12
22
46
40
24
54
58
16
12
28
10
14
22
30
56
40
40
38
20
30
20
1394
38
178
136
32
16
56
10
224
28
1364
1374
36
1140
82
78
84
142
208
238
80
80
68
66
1142
42
58
60
42
36
62
68
68
54
58
120
146
58
54
74
64
52
46
50
44
58
72
58
20
52
40
44
14
56
80
10
18
36
26
24
1372
1414
28
38
22
32
22
28
260
42
34
60
60
48
22
26
46
38
44
14
1092
30
66
96
60
76
78
74
70
28
62
58
78
58
68
66
72
18
42
58
1204
22
26
50
10
12
70
70
44
18
20
22
8
30
22
20
34
34
20
170
28
14
50
48
10
12
36
26
30
154
14
20
20
16
10
22
20
16
18
36
20
266
58
166
40
232
60
58
42
212
54
140
340
188
34
36
52
58
50
40
38
32
28
200
56
188
40
46
16
42
38
32
56
70
34
36
52
46
62
22
18
22
28
18
24
28
28
24
28
40
10
20
26
28
38
56
20
12
28
28
46
44
30
20
50
48
8
12
12
22
20
44
58
12
50
34
8
14
28
24
24
20
28
36
70
26
10
30
34
76
50
70
52
30
48
64
60
70
68
56
62
20
20
34
34
28
18
40
38
28
60
46
50
50
38
34
20
26
22
34
8
14
20
22
48
44
58
70
34
64
52
44
40
56
42
22
38
46
68
20
12
24
48
38
16
12
34
50
70
50
40
60
50
46
42
54
40
48
42
46
56
48
36
52
16
58
60
10
12
12
12
16
32
18
56
54
48
28
56
48
64
50
44
58
42
50
56
72
60
38
42
54
42
38
20
34
48
50
40
28
56
42
30
50
82
156
18
1218
1218
122
76
168
50
38
40
30
42
44
30
318
32
38
54
46
310
46
50
42
20
34
10
94
92
32
26
22
52
32
38
20
14
16
32
18
18
14
10
38
12
16
16
18
22
14
18
44
44
20
22
34
42
42
44
24
42
48
20
60
46
54
62
56
64
52
56
60
48
44
38
20
32
20
32
24
1214
32
1268
44
66
46
28
42
54
52
32
30
12
26
30
34
56
28
34
60
12
30
32
24
34
42
34
58
48
14
20
20
40
32
46
14
12
22
16
24
20
46
46
36
32
26
30
32
16
16
24
20
54
28
58
14
14
24
12
30
36
40
12
22
48
104
82
330
92
246
74
52
290
48
284
20
14
482
62
322
304
224
370
34
84
80
80
80
246
352
20
334
28
28
28
274
48
14
34
246
62
26
144
194
44
44
12
66
42
24
28
46
30
26
252
182
200
52
48
46
54
40
52
260
260
52
44
26
54
30
52
48
16
34
70
10
74
244
26
208
186
36
26
64
254
44
270
176
8
12
186
120
48
170
316
430
66
12
12
8
8
542
10
12
10
12
14
250
466
8
6
8
6
376
10
16
14
14
16
18
344
12
12
18
16
14
14
344
16
16
16
14
14
14
16
18
12
12
12
16
16
18
14
14
16
18
16
16
16
12
12
14
12
18
14
14
16
18
16
14
12
18
22
412
8
10
8
10
416
18
12
14
12
14
10
10
8
14
12
12
12
12
10
12
12
12
10
14
14
14
16
18
14
20
16
16
10
12
18
18
14
16
10
10
12
14
12
14
16
16
14
288
8
402
14
14
12
12
404
310
14
12
12
12
12
12
10
324
10
14
6
10
10
12
12
298
8
10
12
12
12
10
298
388
8
10
10
10
390
12
10
184
240
136
18
16
6
14
16
432
10
14
12
12
428
16
14
12
10
12
10
8
10
10
10
14
14
14
14
10
10
10
8
14
8
14
14
10
10
8
6
10
8
10
6
6
6
6
6
6
6
8
8
8
8
8
8
6
6
8
8
8
8
6
6
6
6
8
8
8
8
6
6
6
6
8
10
8
8
8
8
414
12
12
12
10
414
22
14
10
10
20
10
8
8
8
6
10
10
12
12
16
12
16
10
10
8
10
8
6
6
8
8
12
14
16
12
8
8
8
10
12
12
14
14
10
8
10
12
12
12
12
12
10
10
12
14
18
8
8
8
10
6
8
10
12
14
14
14
18
12
14
8
10
8
12
300
10
8
12
10
436
572
12
280
12
10
376
10
10
12
12
10
8
8
10
8
8
8
454
10
10
10
12
410
10
8
8
8
18
10
18
8
10
6
8
8
10
8
10
6
8
8
12
12
10
8
6
6
12
8
26
10
12
8
8
10
8
10
10
10
12
10
10
8
6
12
12
10
10
10
14
8
14
14
16
12
8
6
10
10
18
14
14
8
420
10
12
10
16
418
16
10
10
12
12
16
16
14
12
12
14
186
180
10
14
10
12
14
14
8
8
16
6
4
4
4
6
6
6
8
8
6
8
8
10
6
6
6
6
6
6
6
8
6
6
6
12
6
4
6
10
8
8
8
10
8
6
6
6
8
8
6
12
10
10
4
12
10
10
4
4
8
14
8
10
6
8
8
6
8
6
26
8
8
12
10
12
12
14
6
16
12
18
16
16
10
10
8
10
10
10
12
12
12
12
12
12
12
12
10
12
12
12
12
12
10
10
10
12
12
16
14
22
14
16
14
18
12
16
12
16
18
448
14
14
12
12
16
20
16
440
38
12
12
18
18
14
14
14
14
18
14
16
14
16
16
18
16
18
12
16
16
16
14
18
16
14
12
12
14
14
12
12
12
12
12
202
8
8
12
12
10
20
10
12
14
14
8
8
8
10
10
8
8
8
10
10
10
10
10
10
20
8
8
8
6
10
6
10
10
304
10
8
10
12
8
8
24
28
10
14
10
86
22
78
14
52
52
12
54
68
162
212
142
46
58
64
44
34
34
12
36
26
398
64
58
42
44
390
6
12
12
12
10
10
8
18
44
52
6
56
60
4
6
84
80
162
16
28
28
216
30
38
16
1294
200
80
672
680
58
664
1334
168
96
240
94
260
258
454
820
636
154
118
98
28
84
90
14
356
258
190
204
216
240
234
162
396
22
100
84
90
266
74
42
132
212
254
248
232
64
46
258
416
200
210
40
168
406
52
28
52
76
300
48
286
24
58
46
32
46
74
302
422
6
30
26
98
510
48
116
104
118
72
630
1336
50
70
284
74
1344
54
52
34
28
274
76
30
30
298
32
52
34
20
38
36
302
470
30
70
58
38
656
466
40
24
56
16
58
50
18
10
44
46
44
42
54
18
18
42
24
26
10
10
18
54
34
16
14
28
228
254
32
36
32
34
16
12
32
26
28
38
30
46
52
34
36
54
48
16
60
44
44
62
26
76
50
52
40
44
42
40
50
20
56
38
32
40
24
34
24
16
20
50
58
56
202
216
112
40
60
14
18
26
16
44
48
18
18
34
46
64
22
12
16
32
10
52
16
30
22
56
48
50
54
46
12
16
16
14
34
28
24
10
44
30
28
44
16
30
32
44
34
278
36
52
48
30
24
20
1388
206
80
60
34
46
144
152
30
90
140
140
144
120
140
124
126
108
168
104
138
162
188
180
164
166
188
110
158
158
154
120
140
128
20
162
58
158
44
66
132
54
318
82
88
470
254
346
32
72
70
20
48
48
42
44
18
32
66
48
38
48
4
10
4
36
42
40
42
58
44
442
56
58
38
18
378
56
428
26
44
56
14
414
182
30
38
44
36
40
26
40
40
60
24
76
392
26
20
32
18
384
34
28
52
38
30
40
30
30
190
86
46
32
140
164
300
22
46
20
48
298
54
38
50
34
48
46
56
46
36
52
44
36
36
62
394
36
30
46
40
386
70
42
26
44
44
26
12
28
38
36
14
40
46
44
268
28
62
50
34
82
196
136
152
70
40
38
24
24
34
44
30
54
32
38
54
26
16
52
54
64
72
44
52
54
22
10
42
52
56
42
46
66
36
362
36
62
60
64
360
48
84
90
30
58
50
52
70
40
20
48
16
60
28
36
28
114
52
60
54
50
24
24
28
50
36
86
214
136
198
26
54
46
20
28
22
32
36
16
36
42
16
62
30
38
50
58
172
176
28
32
34
54
70
78
36
34
24
34
34
42
38
42
28
24
18
32
38
280
12
26
40
44
24
40
32
296
14
42
42
52
34
54
44
62
56
72
26
26
18
54
32
48
36
44
30
60
42
52
46
24
32
30
18
54
56
46
50
36
52
42
24
28
46
82
32
40
36
42
32
36
48
18
40
40
16
26
42
18
48
68
58
68
24
18
40
42
40
18
22
50
12
46
4
290
52
60
56
194
14
44
130
96
378
40
118
168
30
380
32
38
32
20
24
44
234
34
26
44
36
44
44
42
52
260
42
38
46
72
26
72
40
268
30
26
50
30
38
36
8
16
14
44
16
16
32
36
44
28
60
58
48
50
58
68
44
42
22
34
16
36
40
22
36
40
286
54
48
60
24
30
290
58
38
42
44
52
42
48
32
30
18
26
10
22
18
30
50
30
22
52
50
12
4
38
38
26
12
30
46
94
202
244
124
160
184
40
68
78
22
42
34
30
56
38
12
34
64
48
44
34
40
186
42
24
104
192
120
190
92
32
22
40
36
224
128
30
34
34
30
42
412
14
6
20
114
398
26
34
162
174
1354
40
22
312
54
18
34
34
14
26
304
38
48
48
18
58
18
38
26
38
18
50
18
44
48
42
54
50
36
50
14
18
16
56
10
30
12
26
40
16
50
26
42
34
46
42
18
24
22
34
30
50
20
20
16
20
62
38
30
60
16
18
22
38
42
14
42
46
44
24
26
32
32
36
42
38
40
46
38
42
36
18
18
28
26
24
40
40
28
34
52
20
12
38
10
1246
40
62
54
48
30
40
10
56
14
18
22
40
16
34
10
26
26
46
28
26
302
34
36
34
74
56
72
308
66
68
86
102
102
90
38
60
48
68
80
52
68
50
62
74
56
62
74
54
32
78
88
86
58
74
70
76
82
66
60
56
90
70
72
66
56
42
72
62
54
32
14
34
66
56
58
20
6
58
52
10
22
64
68
20
48
52
18
68
62
12
54
62
64
20
16
68
18
32
30
58
20
30
12
66
42
8
24
56
62
12
4
58
14
36
38
72
72
68
24
56
52
14
42
28
28
388
16
36
48
14
382
66
80
84
62
46
58
82
64
68
44
52
62
74
76
76
78
48
78
1328
54
56
60
66
60
50
56
60
46
42
40
54
52
46
38
50
56
58
52
30
38
52
42
20
44
64
50
48
60
58
54
20
46
20
58
8
50
48
60
66
62
26
52
44
52
50
40
54
60
64
48
28
26
12
1320
58
50
1316
58
50
52
326
28
26
38
14
334
42
42
58
54
56
58
44
60
42
46
44
42
40
28
46
60
44
60
64
40
54
44
52
50
48
50
58
50
56
58
62
62
32
64
38
50
14
76
74
48
58
10
12
38
38
10
10
8
42
46
226
146
154
28
28
18
10
1324
86
58
64
56
56
72
74
44
70
64
74
20
64
1334
1310
66
54
38
54
70
54
50
1314
64
36
54
40
50
34
32
30
1310
54
66
70
52
72
72
76
54
48
50
20
46
22
60
48
10
54
44
56
58
58
20
16
34
56
56
52
34
1308
50
48
54
56
36
26
50
56
56
18
30
36
54
48
32
1324
60
50
58
72
58
30
54
58
16
14
34
56
40
64
62
58
80
38
50
62
46
50
62
60
26
268
48
44
40
44
44
22
276
42
32
56
84
64
64
52
1316
1312
60
50
84
92
66
74
56
64
94
70
1318
1402
52
52
60
54
382
50
76
88
54
362
54
50
60
8
358
264
12
16
14
84
86
56
50
48
38
64
72
62
70
1314
1346
92
78
90
62
52
58
72
70
42
1332
1362
52
60
22
24
60
52
276
52
52
40
42
54
48
128
184
24
36
14
50
20
224
1200
80
78
68
42
194
222
62
68
36
14
16
24
54
204
214
1264
128
208
340
116
364
90
106
716
26
202
278
102
114
284
74
358
94
234
130
202
542
70
178
432
178
58
16
34
256
246
464
42
96
54
86
264
206
52
668
248
348
364
706
210
714
98
230
612
70
76
186
302
172
204
280
46
1348
92
202
252
56
34
82
86
68
56
50
56
50
62
54
44
46
50
44
82
60
54
60
36
50
66
76
42
40
46
50
34
38
16
14
20
14
14
24
26
18
52
48
36
48
46
38
56
58
78
270
56
46
30
44
44
76
14
20
28
268
76
68
78
64
38
50
60
278
40
48
48
44
52
30
52
30
20
18
58
148
130
104
116
36
48
406
52
30
26
20
330
4
28
54
28
54
62
218
194
38
70
50
60
44
48
86
58
38
60
70
56
54
46
42
56
50
68
68
54
64
62
34
28
50
16
8
12
18
50
36
4
36
6
44
14
10
28
24
34
14
12
6
6
6
110
108
40
40
58
56
62
50
42
38
18
18
54
44
14
8
38
40
40
52
18
28
32
14
44
48
28
30
10
8
42
10
10
16
8
10
32
28
16
12
20
20
6
8
8
20
24
44
44
44
38
6
1286
46
48
58
26
10
42
42
16
14
14
10
40
24
24
18
50
58
22
42
44
20
24
26
24
52
48
54
64
50
22
40
36
42
26
54
54
54
32
42
14
14
46
48
58
58
44
32
34
34
58
40
34
28
60
74
54
46
36
42
62
50
36
28
20
26
24
28
6
6
18
32
16
14
10
10
24
58
72
68
34
48
58
58
68
60
46
56
22
306
16
42
42
8
304
30
16
38
36
16
36
44
30
54
38
46
52
40
52
56
52
46
42
28
30
32
18
48
44
44
64
48
46
12
16
26
16
18
40
10
38
52
16
20
34
38
32
30
38
66
1254
18
88
62
56
44
48
50
70
62
74
50
28
42
20
56
62
22
1406
1066
214
116
78
58
54
78
74
78
76
42
38
90
68
318
18
38
56
58
292
64
78
18
36
64
52
26
36
60
82
64
54
28
26
16
74
124
296
72
76
86
88
64
60
264
70
70
70
62
272
86
96
76
62
60
74
280
76
88
70
48
64
68
82
78
90
36
24
38
34
6
12
36
20
84
98
80
38
76
96
62
56
56
56
68
58
56
74
88
76
50
62
82
84
76
106
80
86
8
74
84
52
34
56
24
28
46
68
78
62
42
60
64
70
78
74
72
82
66
52
266
94
60
58
34
264
44
44
60
96
78
310
38
36
52
96
344
104
408
94
82
64
60
98
64
56
388
72
56
34
46
30
24
44
60
34
70
68
72
92
60
26
64
66
18
26
36
32
32
18
28
32
40
60
48
76
66
44
52
30
82
90
24
78
76
64
72
42
32
52
40
32
14
36
18
32
36
76
44
40
50
58
20
24
10
142
136
30
24
28
42
24
18
18
30
22
28
34
32
44
30
428
34
16
24
24
340
24
14
42
58
44
24
20
140
212
234
156
56
80
114
54
50
70
48
44
80
132
162
150
62
74
270
82
82
84
22
22
48
92
310
26
242
98
210
358
66
50
66
458
328
466
106
14
20
24
36
18
28
32
216
44
18
226
16
28
32
30
34
22
28
32
48
230
178
12
170
26
322
230
20
20
20
16
42
44
198
198
