36 31.0
432 61.0
27 91.0
38 121.0
13 151.0
23 181.0
73 211.0
37 241.0
25 271.0
25 301.0
12 331.0
58 361.0
20 391.0
29 421.0
33 451.0
33 481.0
22 511.0
28 541.0
15 571.0
25 601.0
25 631.0
34 661.0
14 691.0
16 721.0
12 751.0
16 781.0
13 811.0
22 841.0
14 871.0
15 901.0
13 931.0
18 961.0
16 991.0
26 1021.0
29 1051.0
79 1081.0
18 1111.0
24 1141.0
35 1171.0
28 1201.0
60 1231.0
28 1261.0
17 1291.0
29 1321.0
21 1351.0
25 1381.0
24 1411.0
25 1441.0
21 1471.0
26 1501.0
19 1531.0
29 1561.0
20 1591.0
33 1621.0
13 1651.0
23 1681.0
25 1711.0
27 1741.0
21 1771.0
24 1801.0
14 1831.0
28 1861.0
28 1891.0
36 1921.0
29 1951.0
37 1981.0
15 2011.0
28 2041.0
24 2071.0
28 2101.0
21 2131.0
57 2161.0
18 2191.0
19 2221.0
16 2251.0
12 2281.0
52 2311.0
19 2341.0
15 2371.0
26 2401.0
15 2431.0
19 2461.0
17 2491.0
32 2521.0
22 2551.0
32 2581.0
17 2611.0
44 2641.0
25 2671.0
32 2701.0
17 2731.0
23 2761.0
21 2791.0
433 2821.0
23 2851.0
27 2881.0
26 2911.0
61 2941.0
42 2971.0
32 3001.0
13 3031.0
24 3061.0
24 3091.0
79 3121.0
36 3151.0
48 3181.0
30 3211.0
30 3241.0
15 3271.0
65 3301.0
19 3331.0
19 3361.0
19 3391.0
23 3421.0
43 3451.0
46 3481.0
32 3511.0
20 3541.0
33 3571.0
72 3601.0
24 3631.0
33 3661.0
19 3691.0
68 3721.0
25 3751.0
37 3781.0
19 3811.0
21 3841.0
23 3871.0
50 3901.0
22 3931.0
31 3961.0
26 3991.0
31 4021.0
17 4051.0
25 4081.0
18 4111.0
21 4141.0
12 4171.0
16 4201.0
10 4231.0
16 4261.0
11 4291.0
16 4321.0
58 4351.0
22 4381.0
16 4411.0
11 4441.0
13 4471.0
108 4501.0
24 4531.0
32 4561.0
20 4591.0
38 4621.0
16 4651.0
28 4681.0
19 4711.0
25 4741.0
28 4771.0
31 4801.0
34 4831.0
61 4861.0
49 4891.0
33 4921.0
15 4951.0
419 4981.0
70 5011.0
47 5041.0
24 5071.0
90 5101.0
12 5131.0
28 5161.0
15 5191.0
27 5221.0
21 5251.0
29 5281.0
23 5311.0
33 5341.0
20 5371.0
22 5401.0
29 5431.0
45 5461.0
15 5491.0
14 5521.0
11 5551.0
32 5581.0
37 5611.0
37 5641.0
14 5671.0
17 5701.0
18 5731.0
24 5761.0
29 5791.0
32 5821.0
24 5851.0
27 5881.0
23 5911.0
32 5941.0
14 5971.0
26 6001.0
121 6031.0
35 6061.0
20 6091.0
30 6121.0
24 6151.0
58 6181.0
35 6211.0
50 6241.0
18 6271.0
32 6301.0
20 6331.0
31 6361.0
27 6391.0
29 6421.0
20 6451.0
30 6481.0
16 6511.0
27 6541.0
24 6571.0
31 6601.0
27 6631.0
39 6661.0
16 6691.0
70 6721.0
12 6751.0
24 6781.0
16 6811.0
17 6841.0
80 6871.0
48 6901.0
25 6931.0
37 6961.0
18 6991.0
28 7021.0
25 7051.0
47 7081.0
23 7111.0
40 7141.0
16 7171.0
35 7201.0
22 7231.0
33 7261.0
23 7291.0
35 7321.0
27 7351.0
447 7381.0
15 7411.0
35 7441.0
26 7471.0
37 7501.0
36 7531.0
45 7561.0
17 7591.0
36 7621.0
25 7651.0
24 7681.0
27 7711.0
33 7741.0
18 7771.0
27 7801.0
34 7831.0
34 7861.0
26 7891.0
27 7921.0
15 7951.0
20 7981.0
29 8011.0
37 8041.0
26 8071.0
45 8101.0
63 8131.0
66 8161.0
28 8191.0
40 8221.0
27 8251.0
35 8281.0
14 8311.0
19 8341.0
22 8371.0
36 8401.0
35 8431.0
35 8461.0
22 8491.0
69 8521.0
57 8551.0
33 8581.0
17 8611.0
29 8641.0
17 8671.0
46 8701.0
46 8731.0
39 8761.0
24 8791.0
30 8821.0
30 8851.0
40 8881.0
26 8911.0
32 8941.0
28 8971.0
42 9001.0
21 9031.0
31 9061.0
15 9091.0
23 9121.0
22 9151.0
34 9181.0
25 9211.0
30 9241.0
13 9271.0
23 9301.0
36 9331.0
32 9361.0
58 9391.0
28 9421.0
18 9451.0
29 9481.0
16 9511.0
56 9541.0
12 9571.0
15 9601.0
17 9631.0
22 9661.0
13 9691.0
24 9721.0
13 9751.0
27 9781.0
16 9811.0
21 9841.0
496 9871.0
35 9901.0
32 9931.0
31 9961.0
82 9991.0
34 10021.0
25 10051.0
29 10081.0
17 10111.0
59 10141.0
36 10171.0
37 10201.0
11 10231.0
15 10261.0
13 10291.0
21 10321.0
27 10351.0
35 10381.0
22 10411.0
36 10441.0
29 10471.0
30 10501.0
30 10531.0
38 10561.0
22 10591.0
24 10621.0
21 10651.0
23 10681.0
24 10711.0
30 10741.0
13 10771.0
14 10801.0
13 10831.0
20 10861.0
23 10891.0
24 10921.0
23 10951.0
24 10981.0
17 11011.0
28 11041.0
18 11071.0
26 11101.0
20 11131.0
26 11161.0
21 11191.0
25 11221.0
17 11251.0
21 11281.0
18 11311.0
16 11341.0
22 11371.0
28 11401.0
23 11431.0
31 11461.0
19 11491.0
23 11521.0
14 11551.0
22 11581.0
17 11611.0
68 11641.0
28 11671.0
43 11701.0
35 11731.0
34 11761.0
24 11791.0
42 11821.0
31 11851.0
44 11881.0
23 11911.0
33 11941.0
44 11971.0
61 12001.0
18 12031.0
56 12061.0
23 12091.0
23 12121.0
14 12151.0
32 12181.0
55 12211.0
61 12241.0
13 12271.0
24 12301.0
12 12331.0
19 12361.0
18 12391.0
23 12421.0
15 12451.0
17 12481.0
17 12511.0
20 12541.0
18 12571.0
18 12601.0
21 12631.0
50 12661.0
55 12691.0
31 12721.0
11 12751.0
20 12781.0
27 12811.0
34 12841.0
55 12871.0
475 12901.0
25 12931.0
58 12961.0
17 12991.0
26 13021.0
22 13051.0
34 13081.0
25 13111.0
32 13141.0
23 13171.0
27 13201.0
27 13231.0
37 13261.0
22 13291.0
24 13321.0
23 13351.0
45 13381.0
22 13411.0
62 13441.0
19 13471.0
54 13501.0
31 13531.0
46 13561.0
13 13591.0
26 13621.0
17 13651.0
34 13681.0
24 13711.0
41 13741.0
17 13771.0
19 13801.0
16 13831.0
28 13861.0
24 13891.0
30 13921.0
28 13951.0
34 13981.0
17 14011.0
458 14041.0
18 14071.0
18 14101.0
45 14131.0
30 14161.0
35 14191.0
52 14221.0
74 14251.0
33 14281.0
38 14311.0
29 14341.0
27 14371.0
84 14401.0
55 14431.0
28 14461.0
21 14491.0
30 14521.0
27 14551.0
51 14581.0
43 14611.0
47 14641.0
24 14671.0
28 14701.0
439 14731.0
33 14761.0
24 14791.0
31 14821.0
25 14851.0
30 14881.0
23 14911.0
40 14941.0
41 14971.0
46 15001.0
16 15031.0
25 15061.0
16 15091.0
28 15121.0
25 15151.0
37 15181.0
17 15211.0
26 15241.0
31 15271.0
32 15301.0
28 15331.0
47 15361.0
23 15391.0
35 15421.0
27 15451.0
25 15481.0
24 15511.0
42 15541.0
41 15571.0
45 15601.0
22 15631.0
33 15661.0
738 15691.0
30 15721.0
30 15751.0
61 15781.0
50 15811.0
31 15841.0
26 15871.0
36 15901.0
31 15931.0
54 15961.0
98 15991.0
120 16021.0
26 16051.0
34 16081.0
107 16111.0
67 16141.0
124 16171.0
43 16201.0
38 16231.0
77 16261.0
67 16291.0
37 16321.0
31 16351.0
34 16381.0
69 16411.0
38 16441.0
22 16471.0
34 16501.0
21 16531.0
105 16561.0
49 16591.0
72 16621.0
29 16651.0
51 16681.0
19 16711.0
26 16741.0
19 16771.0
38 16801.0
25 16831.0
32 16861.0
21 16891.0
60 16921.0
19 16951.0
53 16981.0
32 17011.0
37 17041.0
71 17071.0
81 17101.0
64 17131.0
44 17161.0
25 17191.0
27 17221.0
624 17251.0
71 17281.0
58 17311.0
37 17341.0
14 17371.0
14 17401.0
12 17431.0
16 17461.0
10 17491.0
13 17521.0
12 17551.0
21 17581.0
15 17611.0
33 17641.0
17 17671.0
27 17701.0
14 17731.0
56 17761.0
12 17791.0
50 17821.0
42 17851.0
26 17881.0
50 17911.0
35 17941.0
563 17971.0
36 18001.0
70 18031.0
72 18061.0
22 18091.0
48 18121.0
21 18151.0
34 18181.0
25 18211.0
32 18241.0
23 18271.0
34 18301.0
21 18331.0
29 18361.0
20 18391.0
22 18421.0
14 18451.0
580 18481.0
14 18511.0
28 18541.0
21 18571.0
25 18601.0
13 18631.0
16 18661.0
17 18691.0
26 18721.0
18 18751.0
18 18781.0
19 18811.0
21 18841.0
19 18871.0
26 18901.0
24 18931.0
25 18961.0
16 18991.0
19 19021.0
22 19051.0
32 19081.0
25 19111.0
38 19141.0
30 19171.0
44 19201.0
33 19231.0
30 19261.0
36 19291.0
36 19321.0
20 19351.0
511 19381.0
17 19411.0
29 19441.0
16 19471.0
28 19501.0
24 19531.0
38 19561.0
22 19591.0
31 19621.0
22 19651.0
16 19681.0
27 19711.0
33 19741.0
29 19771.0
35 19801.0
29 19831.0
42 19861.0
35 19891.0
38 19921.0
20 19951.0
29 19981.0
24 20011.0
26 20041.0
26 20071.0
36 20101.0
28 20131.0
47 20161.0
40 20191.0
38 20221.0
23 20251.0
25 20281.0
30 20311.0
40 20341.0
24 20371.0
37 20401.0
33 20431.0
40 20461.0
36 20491.0
40 20521.0
28 20551.0
40 20581.0
15 20611.0
34 20641.0
21 20671.0
32 20701.0
20 20731.0
24 20761.0
28 20791.0
38 20821.0
31 20851.0
33 20881.0
14 20911.0
27 20941.0
18 20971.0
30 21001.0
17 21031.0
26 21061.0
29 21091.0
43 21121.0
19 21151.0
30 21181.0
14 21211.0
30 21241.0
16 21271.0
30 21301.0
19 21331.0
22 21361.0
571 21391.0
36 21421.0
37 21451.0
38 21481.0
37 21511.0
59 21541.0
51 21571.0
44 21601.0
18 21631.0
27 21661.0
41 21691.0
49 21721.0
22 21751.0
28 21781.0
14 21811.0
22 21841.0
22 21871.0
27 21901.0
70 21931.0
81 21961.0
37 21991.0
46 22021.0
16 22051.0
28 22081.0
17 22111.0
22 22141.0
39 22171.0
46 22201.0
16 22231.0
26 22261.0
36 22291.0
42 22321.0
38 22351.0
41 22381.0
21 22411.0
32 22441.0
15 22471.0
20 22501.0
14 22531.0
29 22561.0
17 22591.0
43 22621.0
14 22651.0
21 22681.0
31 22711.0
35 22741.0
44 22771.0
46 22801.0
11 22831.0
21 22861.0
44 22891.0
42 22921.0
28 22951.0
24 22981.0
41 23011.0
51 23041.0
39 23071.0
628 23101.0
83 23131.0
76 23161.0
18 23191.0
20 23221.0
21 23251.0
36 23281.0
14 23311.0
26 23341.0
32 23371.0
38 23401.0
17 23431.0
27 23461.0
36 23491.0
60 23521.0
20 23551.0
53 23581.0
22 23611.0
43 23641.0
36 23671.0
40 23701.0
21 23731.0
35 23761.0
35 23791.0
39 23821.0
15 23851.0
34 23881.0
18 23911.0
31 23941.0
18 23971.0
33 24001.0
16 24031.0
26 24061.0
24 24091.0
31 24121.0
25 24151.0
32 24181.0
15 24211.0
23 24241.0
24 24271.0
19 24301.0
14 24331.0
43 24361.0
42 24391.0
36 24421.0
27 24451.0
34 24481.0
27 24511.0
52 24541.0
28 24571.0
575 24601.0
37 24631.0
60 24661.0
40 24691.0
31 24721.0
27 24751.0
34 24781.0
27 24811.0
37 24841.0
28 24871.0
32 24901.0
16 24931.0
14 24961.0
14 24991.0
31 25021.0
31 25051.0
29 25081.0
23 25111.0
29 25141.0
26 25171.0
39 25201.0
29 25231.0
38 25261.0
26 25291.0
34 25321.0
28 25351.0
37 25381.0
27 25411.0
34 25441.0
29 25471.0
41 25501.0
28 25531.0
35 25561.0
26 25591.0
29 25621.0
23 25651.0
27 25681.0
26 25711.0
32 25741.0
29 25771.0
36 25801.0
28 25831.0
31 25861.0
26 25891.0
30 25921.0
27 25951.0
35 25981.0
27 26011.0
35 26041.0
23 26071.0
38 26101.0
32 26131.0
39 26161.0
28 26191.0
36 26221.0
26 26251.0
30 26281.0
35 26311.0
38 26341.0
25 26371.0
33 26401.0
31 26431.0
46 26461.0
29 26491.0
29 26521.0
21 26551.0
28 26581.0
19 26611.0
22 26641.0
16 26671.0
29 26701.0
21 26731.0
36 26761.0
35 26791.0
41 26821.0
19 26851.0
26 26881.0
16 26911.0
41 26941.0
42 26971.0
45 27001.0
32 27031.0
43 27061.0
26 27091.0
46 27121.0
36 27151.0
40 27181.0
27 27211.0
34 27241.0
21 27271.0
29 27301.0
17 27331.0
34 27361.0
25 27391.0
38 27421.0
19 27451.0
24 27481.0
19 27511.0
34 27541.0
31 27571.0
35 27601.0
29 27631.0
603 27661.0
30 27691.0
30 27721.0
26 27751.0
31 27781.0
22 27811.0
35 27841.0
25 27871.0
26 27901.0
26 27931.0
28 27961.0
50 27991.0
51 28021.0
28 28051.0
27 28081.0
34 28111.0
35 28141.0
35 28171.0
37 28201.0
37 28231.0
40 28261.0
34 28291.0
38 28321.0
30 28351.0
38 28381.0
36 28411.0
35 28441.0
28 28471.0
34 28501.0
29 28531.0
32 28561.0
30 28591.0
79 28621.0
65 28651.0
32 28681.0
21 28711.0
26 28741.0
31 28771.0
36 28801.0
25 28831.0
31 28861.0
19 28891.0
23 28921.0
14 28951.0
16 28981.0
17 29011.0
22 29041.0
14 29071.0
63 29101.0
31 29131.0
32 29161.0
34 29191.0
39 29221.0
29 29251.0
70 29281.0
25 29311.0
25 29341.0
13 29371.0
31 29401.0
36 29431.0
40 29461.0
31 29491.0
36 29521.0
17 29551.0
25 29581.0
36 29611.0
59 29641.0
40 29671.0
40 29701.0
16 29731.0
25 29761.0
18 29791.0
21 29821.0
14 29851.0
27 29881.0
515 29911.0
24 29941.0
17 29971.0
20 30001.0
11 30031.0
24 30061.0
39 30091.0
44 30121.0
25 30151.0
36 30181.0
16 30211.0
23 30241.0
19 30271.0
14 30301.0
15 30331.0
16 30361.0
18 30391.0
21 30421.0
16 30451.0
26 30481.0
18 30511.0
20 30541.0
15 30571.0
17 30601.0
15 30631.0
17 30661.0
13 30691.0
14 30721.0
15 30751.0
27 30781.0
23 30811.0
31 30841.0
28 30871.0
29 30901.0
15 30931.0
22 30961.0
25 30991.0
26 31021.0
13 31051.0
23 31081.0
26 31111.0
31 31141.0
24 31171.0
24 31201.0
21 31231.0
24 31261.0
23 31291.0
27 31321.0
32 31351.0
29 31381.0
19 31411.0
23 31441.0
25 31471.0
619 31501.0
58 31531.0
92 31561.0
78 31591.0
105 31621.0
61 31651.0
96 31681.0
37 31711.0
74 31741.0
29 31771.0
57 31801.0
22 31831.0
82 31861.0
28 31891.0
60 31921.0
37 31951.0
51 31981.0
78 32011.0
67 32041.0
70 32071.0
48 32101.0
66 32131.0
621 32161.0
19 32191.0
64 32221.0
18 32251.0
27 32281.0
34 32311.0
70 32341.0
18 32371.0
27 32401.0
23 32431.0
33 32461.0
71 32491.0
33 32521.0
21 32551.0
19 32581.0
24 32611.0
27 32641.0
25 32671.0
31 32701.0
18 32731.0
19 32761.0
17 32791.0
23 32821.0
19 32851.0
24 32881.0
26 32911.0
34 32941.0
26 32971.0
28 33001.0
30 33031.0
350 33061.0
13 33091.0
24 33121.0
23 33151.0
24 33181.0
17 33211.0
60 33241.0
23 33271.0
27 33301.0
20 33331.0
19 33361.0
71 33391.0
35 33421.0
18 33451.0
24 33481.0
20 33511.0
24 33541.0
12 33571.0
14 33601.0
17 33631.0
26 33661.0
26 33691.0
29 33721.0
29 33751.0
30 33781.0
22 33811.0
17 33841.0
17 33871.0
24 33901.0
20 33931.0
24 33961.0
15 33991.0
26 34021.0
15 34051.0
17 34081.0
15 34111.0
61 34141.0
21 34171.0
23 34201.0
12 34231.0
21 34261.0
57 34291.0
27 34321.0
16 34351.0
17 34381.0
17 34411.0
19 34441.0
23 34471.0
26 34501.0
27 34531.0
31 34561.0
20 34591.0
23 34621.0
14 34651.0
23 34681.0
18 34711.0
20 34741.0
520 34771.0
63 34801.0
24 34831.0
107 34861.0
26 34891.0
45 34921.0
20 34951.0
48 34981.0
554 35011.0
27 35041.0
20 35071.0
60 35101.0
50 35131.0
29 35161.0
22 35191.0
23 35221.0
17 35251.0
23 35281.0
20 35311.0
26 35341.0
20 35371.0
24 35401.0
22 35431.0
26 35461.0
23 35491.0
24 35521.0
17 35551.0
22 35581.0
25 35611.0
20 35641.0
25 35671.0
19 35701.0
23 35731.0
19 35761.0
16 35791.0
24 35821.0
19 35851.0
22 35881.0
17 35911.0
33 35941.0
34 35971.0
43 36001.0
20 36031.0
29 36061.0
21 36091.0
25 36121.0
22 36151.0
30 36181.0
30 36211.0
40 36241.0
19 36271.0
23 36301.0
29 36331.0
30 36361.0
18 36391.0
62 36421.0
530 36451.0
76 36481.0
25 36511.0
77 36541.0
48 36571.0
76 36601.0
50 36631.0
139 36661.0
25 36691.0
90 36721.0
46 36751.0
71 36781.0
30 36811.0
60 36841.0
31 36871.0
70 36901.0
21 36931.0
61 36961.0
75 36991.0
68 37021.0
41 37051.0
80 37081.0
38 37111.0
71 37141.0
27 37171.0
90 37201.0
51 37231.0
62 37261.0
35 37291.0
75 37321.0
23 37351.0
56 37381.0
26 37411.0
43 37441.0
25 37471.0
56 37501.0
27 37531.0
45 37561.0
26 37591.0
52 37621.0
32 37651.0
49 37681.0
44 37711.0
78 37741.0
17 37771.0
56 37801.0
37 37831.0
57 37861.0
25 37891.0
59 37921.0
27 37951.0
52 37981.0
25 38011.0
51 38041.0
70 38071.0
45 38101.0
17 38131.0
30 38161.0
15 38191.0
62 38221.0
32 38251.0
628 38281.0
34 38311.0
50 38341.0
29 38371.0
50 38401.0
44 38431.0
65 38461.0
23 38491.0
34 38521.0
51 38551.0
61 38581.0
25 38611.0
41 38641.0
30 38671.0
55 38701.0
30 38731.0
43 38761.0
18 38791.0
29 38821.0
30 38851.0
39 38881.0
33 38911.0
62 38941.0
38 38971.0
50 39001.0
47 39031.0
56 39061.0
33 39091.0
47 39121.0
45 39151.0
50 39181.0
44 39211.0
60 39241.0
32 39271.0
61 39301.0
27 39331.0
45 39361.0
30 39391.0
44 39421.0
28 39451.0
41 39481.0
29 39511.0
31 39541.0
26 39571.0
40 39601.0
31 39631.0
62 39661.0
29 39691.0
53 39721.0
20 39751.0
44 39781.0
37 39811.0
35 39841.0
22 39871.0
37 39901.0
35 39931.0
43 39961.0
32 39991.0
46 40021.0
31 40051.0
41 40081.0
28 40111.0
46 40141.0
612 40171.0
63 40201.0
45 40231.0
51 40261.0
30 40291.0
32 40321.0
24 40351.0
28 40381.0
66 40411.0
50 40441.0
51 40471.0
57 40501.0
60 40531.0
37 40561.0
29 40591.0
47 40621.0
27 40651.0
53 40681.0
44 40711.0
68 40741.0
43 40771.0
46 40801.0
25 40831.0
28 40861.0
470 40891.0
42 40921.0
30 40951.0
40 40981.0
26 41011.0
29 41041.0
20 41071.0
32 41101.0
28 41131.0
89 41161.0
22 41191.0
44 41221.0
21 41251.0
21 41281.0
65 41311.0
38 41341.0
25 41371.0
27 41401.0
24 41431.0
33 41461.0
31 41491.0
367 41521.0
95 41551.0
30 41581.0
45 41611.0
31 41641.0
33 41671.0
31 41701.0
27 41731.0
33 41761.0
27 41791.0
50 41821.0
23 41851.0
58 41881.0
52 41911.0
48 41941.0
26 41971.0
30 42001.0
30 42031.0
31 42061.0
29 42091.0
27 42121.0
54 42151.0
57 42181.0
30 42211.0
29 42241.0
31 42271.0
35 42301.0
26 42331.0
25 42361.0
27 42391.0
28 42421.0
26 42451.0
27 42481.0
67 42511.0
31 42541.0
29 42571.0
32 42601.0
27 42631.0
29 42661.0
28 42691.0
30 42721.0
24 42751.0
28 42781.0
24 42811.0
27 42841.0
95 42871.0
67 42901.0
27 42931.0
232 42961.0
245 42991.0
38 43021.0
28 43051.0
71 43081.0
26 43111.0
60 43141.0
28 43171.0
243 43201.0
214 43231.0
81 43261.0
22 43291.0
34 43321.0
42 43351.0
27 43381.0
26 43411.0
28 43441.0
28 43471.0
27 43501.0
27 43531.0
72 43561.0
38 43591.0
38 43621.0
29 43651.0
28 43681.0
26 43711.0
56 43741.0
24 43771.0
45 43801.0
27 43831.0
30 43861.0
26 43891.0
28 43921.0
25 43951.0
31 43981.0
28 44011.0
27 44041.0
26 44071.0
28 44101.0
26 44131.0
26 44161.0
27 44191.0
43 44221.0
27 44251.0
57 44281.0
22 44311.0
49 44341.0
41 44371.0
20 44401.0
411 44431.0
33 44461.0
29 44491.0
29 44521.0
28 44551.0
27 44581.0
27 44611.0
29 44641.0
31 44671.0
40 44701.0
17 44731.0
31 44761.0
29 44791.0
34 44821.0
23 44851.0
36 44881.0
25 44911.0
30 44941.0
25 44971.0
29 45001.0
26 45031.0
31 45061.0
28 45091.0
25 45121.0
24 45151.0
30 45181.0
28 45211.0
29 45241.0
29 45271.0
26 45301.0
25 45331.0
26 45361.0
26 45391.0
27 45421.0
26 45451.0
30 45481.0
29 45511.0
29 45541.0
29 45571.0
28 45601.0
30 45631.0
29 45661.0
82 45691.0
35 45721.0
17 45751.0
18 45781.0
20 45811.0
60 45841.0
25 45871.0
29 45901.0
29 45931.0
26 45961.0
30 45991.0
28 46021.0
29 46051.0
32 46081.0
18 46111.0
31 46141.0
24 46171.0
28 46201.0
21 46231.0
27 46261.0
17 46291.0
69 46321.0
69 46351.0
36 46381.0
17 46411.0
19 46441.0
21 46471.0
25 46501.0
22 46531.0
686 46561.0
26 46591.0
84 46621.0
34 46651.0
77 46681.0
27 46711.0
29 46741.0
36 46771.0
45 46801.0
22 46831.0
28 46861.0
18 46891.0
28 46921.0
17 46951.0
25 46981.0
17 47011.0
21 47041.0
13 47071.0
24 47101.0
17 47131.0
20 47161.0
17 47191.0
70 47221.0
76 47251.0
60 47281.0
24 47311.0
66 47341.0
25 47371.0
61 47401.0
27 47431.0
39 47461.0
32 47491.0
42 47521.0
39 47551.0
44 47581.0
30 47611.0
35 47641.0
33 47671.0
35 47701.0
30 47731.0
79 47761.0
25 47791.0
59 47821.0
28 47851.0
700 47881.0
39 47911.0
50 47941.0
36 47971.0
49 48001.0
17 48031.0
30 48061.0
30 48091.0
43 48121.0
35 48151.0
50 48181.0
32 48211.0
42 48241.0
15 48271.0
27 48301.0
22 48331.0
29 48361.0
17 48391.0
26 48421.0
17 48451.0
29 48481.0
22 48511.0
27 48541.0
26 48571.0
47 48601.0
33 48631.0
38 48661.0
39 48691.0
58 48721.0
31 48751.0
31 48781.0
28 48811.0
31 48841.0
89 48871.0
63 48901.0
29 48931.0
33 48961.0
22 48991.0
76 49021.0
23 49051.0
607 49081.0
32 49111.0
42 49141.0
49 49171.0
50 49201.0
46 49231.0
50 49261.0
32 49291.0
40 49321.0
37 49351.0
49 49381.0
37 49411.0
32 49441.0
22 49471.0
30 49501.0
29 49531.0
40 49561.0
20 49591.0
37 49621.0
35 49651.0
42 49681.0
36 49711.0
39 49741.0
38 49771.0
36 49801.0
35 49831.0
37 49861.0
33 49891.0
34 49921.0
36 49951.0
45 49981.0
44 50011.0
49 50041.0
33 50071.0
44 50101.0
39 50131.0
40 50161.0
33 50191.0
43 50221.0
44 50251.0
45 50281.0
33 50311.0
51 50341.0
45 50371.0
63 50401.0
20 50431.0
41 50461.0
33 50491.0
44 50521.0
34 50551.0
43 50581.0
36 50611.0
41 50641.0
22 50671.0
31 50701.0
36 50731.0
48 50761.0
35 50791.0
46 50821.0
32 50851.0
56 50881.0
34 50911.0
45 50941.0
43 50971.0
46 51001.0
39 51031.0
44 51061.0
34 51091.0
65 51121.0
26 51151.0
54 51181.0
39 51211.0
49 51241.0
36 51271.0
47 51301.0
40 51331.0
44 51361.0
34 51391.0
37 51421.0
35 51451.0
43 51481.0
40 51511.0
41 51541.0
43 51571.0
40 51601.0
35 51631.0
33 51661.0
31 51691.0
64 51721.0
80 51751.0
43 51781.0
26 51811.0
34 51841.0
30 51871.0
40 51901.0
61 51931.0
75 51961.0
36 51991.0
47 52021.0
28 52051.0
33 52081.0
67 52111.0
38 52141.0
51 52171.0
47 52201.0
35 52231.0
54 52261.0
41 52291.0
57 52321.0
42 52351.0
53 52381.0
25 52411.0
44 52441.0
36 52471.0
60 52501.0
32 52531.0
53 52561.0
33 52591.0
42 52621.0
36 52651.0
641 52681.0
39 52711.0
79 52741.0
44 52771.0
68 52801.0
39 52831.0
101 52861.0
58 52891.0
944 52921.0
413 52951.0
279 52981.0
517 53011.0
152 53041.0
99 53071.0
109 53101.0
65 53131.0
103 53161.0
143 53191.0
868 53221.0
34 53251.0
101 53281.0
39 53311.0
51 53341.0
167 53371.0
32 53401.0
27 53431.0
30 53461.0
20 53491.0
38 53521.0
30 53551.0
138 53581.0
60 53611.0
64 53641.0
78 53671.0
42 53701.0
35 53731.0
66 53761.0
41 53791.0
38 53821.0
56 53851.0
38 53881.0
63 53911.0
64 53941.0
32 53971.0
39 54001.0
31 54031.0
34 54061.0
29 54091.0
32 54121.0
31 54151.0
49 54181.0
35 54211.0
39 54241.0
61 54271.0
32 54301.0
21 54331.0
28 54361.0
52 54391.0
82 54421.0
24 54451.0
28 54481.0
55 54511.0
30 54541.0
20 54571.0
31 54601.0
23 54631.0
27 54661.0
37 54691.0
38 54721.0
49 54751.0
50 54781.0
28 54811.0
34 54841.0
26 54871.0
33 54901.0
29 54931.0
38 54961.0
19 54991.0
24 55021.0
24 55051.0
32 55081.0
29 55111.0
34 55141.0
48 55171.0
41 55201.0
34 55231.0
50 55261.0
26 55291.0
32 55321.0
23 55351.0
31 55381.0
23 55411.0
37 55441.0
22 55471.0
27 55501.0
20 55531.0
26 55561.0
21 55591.0
55 55621.0
37 55651.0
36 55681.0
29 55711.0
34 55741.0
27 55771.0
32 55801.0
25 55831.0
30 55861.0
25 55891.0
33 55921.0
22 55951.0
30 55981.0
25 56011.0
27 56041.0
28 56071.0
26 56101.0
25 56131.0
46 56161.0
49 56191.0
25 56221.0
22 56251.0
28 56281.0
22 56311.0
21 56341.0
23 56371.0
49 56401.0
34 56431.0
49 56461.0
45 56491.0
61 56521.0
40 56551.0
49 56581.0
32 56611.0
41 56641.0
32 56671.0
41 56701.0
32 56731.0
41 56761.0
31 56791.0
36 56821.0
66 56851.0
33 56881.0
30 56911.0
39 56941.0
31 56971.0
33 57001.0
29 57031.0
34 57061.0
29 57091.0
465 57121.0
158 57151.0
33 57181.0
31 57211.0
32 57241.0
34 57271.0
34 57301.0
29 57331.0
31 57361.0
31 57391.0
30 57421.0
96 57451.0
37 57481.0
29 57511.0
32 57541.0
36 57571.0
46 57601.0
28 57631.0
38 57661.0
96 57691.0
36 57721.0
30 57751.0
35 57781.0
31 57811.0
132 57841.0
29 57871.0
34 57901.0
31 57931.0
28 57961.0
25 57991.0
27 58021.0
25 58051.0
25 58081.0
28 58111.0
43 58141.0
102 58171.0
26 58201.0
19 58231.0
27 58261.0
28 58291.0
462 58321.0
130 58351.0
33 58381.0
29 58411.0
36 58441.0
20 58471.0
24 58501.0
21 58531.0
27 58561.0
134 58591.0
32 58621.0
25 58651.0
36 58681.0
30 58711.0
31 58741.0
128 58771.0
36 58801.0
31 58831.0
30 58861.0
32 58891.0
31 58921.0
30 58951.0
29 58981.0
107 59011.0
41 59041.0
18 59071.0
35 59101.0
31 59131.0
38 59161.0
47 59191.0
38 59221.0
387 59251.0
100 59281.0
22 59311.0
24 59341.0
23 59371.0
26 59401.0
18 59431.0
22 59461.0
25 59491.0
31 59521.0
26 59551.0
30 59581.0
107 59611.0
36 59641.0
31 59671.0
32 59701.0
20 59731.0
72 59761.0
32 59791.0
26 59821.0
107 59851.0
130 59881.0
405 59911.0
42 59941.0
20 59971.0
38 60001.0
22 60031.0
28 60061.0
27 60091.0
32 60121.0
21 60151.0
31 60181.0
21 60211.0
23 60241.0
31 60271.0
25 60301.0
28 60331.0
40 60361.0
34 60391.0
42 60421.0
38 60451.0
81 60481.0
69 60511.0
43 60541.0
31 60571.0
37 60601.0
30 60631.0
33 60661.0
30 60691.0
29 60721.0
29 60751.0
34 60781.0
34 60811.0
38 60841.0
23 60871.0
30 60901.0
24 60931.0
35 60961.0
28 60991.0
40 61021.0
34 61051.0
395 61081.0
97 61111.0
99 61141.0
14 61171.0
23 61201.0
26 61231.0
33 61261.0
27 61291.0
29 61321.0
26 61351.0
34 61381.0
28 61411.0
28 61441.0
25 61471.0
25 61501.0
28 61531.0
46 61561.0
29 61591.0
57 61621.0
28 61651.0
29 61681.0
24 61711.0
77 61741.0
33 61771.0
28 61801.0
17 61831.0
28 61861.0
66 61891.0
40 61921.0
29 61951.0
33 61981.0
26 62011.0
28 62041.0
25 62071.0
34 62101.0
29 62131.0
37 62161.0
13 62191.0
33 62221.0
19 62251.0
28 62281.0
26 62311.0
78 62341.0
69 62371.0
39 62401.0
21 62431.0
19 62461.0
18 62491.0
64 62521.0
26 62551.0
26 62581.0
24 62611.0
28 62641.0
26 62671.0
27 62701.0
25 62731.0
40 62761.0
29 62791.0
32 62821.0
29 62851.0
36 62881.0
18 62911.0
18 62941.0
22 62971.0
22 63001.0
19 63031.0
21 63061.0
22 63091.0
21 63121.0
22 63151.0
21 63181.0
21 63211.0
20 63241.0
18 63271.0
19 63301.0
18 63331.0
19 63361.0
19 63391.0
47 63421.0
23 63451.0
41 63481.0
20 63511.0
32 63541.0
21 63571.0
23 63601.0
20 63631.0
29 63661.0
16 63691.0
26 63721.0
20 63751.0
22 63781.0
19 63811.0
18 63841.0
24 63871.0
34 63901.0
30 63931.0
31 63961.0
24 63991.0
30 64021.0
24 64051.0
25 64081.0
30 64111.0
61 64141.0
38 64171.0
27 64201.0
28 64231.0
28 64261.0
27 64291.0
29 64321.0
76 64351.0
37 64381.0
28 64411.0
26 64441.0
77 64471.0
29 64501.0
28 64531.0
29 64561.0
27 64591.0
27 64621.0
26 64651.0
30 64681.0
25 64711.0
25 64741.0
29 64771.0
32 64801.0
28 64831.0
29 64861.0
86 64891.0
30 64921.0
27 64951.0
28 64981.0
30 65011.0
30 65041.0
28 65071.0
30 65101.0
27 65131.0
94 65161.0
31 65191.0
31 65221.0
29 65251.0
39 65281.0
20 65311.0
23 65341.0
21 65371.0
26 65401.0
27 65431.0
33 65461.0
26 65491.0
39 65521.0
43 65551.0
44 65581.0
359 65611.0
121 65641.0
27 65671.0
27 65701.0
25 65731.0
33 65761.0
20 65791.0
19 65821.0
15 65851.0
20 65881.0
19 65911.0
18 65941.0
20 65971.0
19 66001.0
15 66031.0
17 66061.0
124 66091.0
20 66121.0
14 66151.0
21 66181.0
20 66211.0
17 66241.0
15 66271.0
16 66301.0
17 66331.0
17 66361.0
17 66391.0
29 66421.0
21 66451.0
22 66481.0
16 66511.0
30 66541.0
23 66571.0
22 66601.0
23 66631.0
28 66661.0
103 66691.0
42 66721.0
20 66751.0
25 66781.0
51 66811.0
141 66841.0
39 66871.0
46 66901.0
33 66931.0
37 66961.0
27 66991.0
33 67021.0
94 67051.0
25 67081.0
26 67111.0
31 67141.0
25 67171.0
43 67201.0
57 67231.0
445 67261.0
114 67291.0
28 67321.0
126 67351.0
94 67381.0
159 67411.0
42 67441.0
463 67471.0
203 67501.0
21 67531.0
29 67561.0
27 67591.0
39 67621.0
23 67651.0
38 67681.0
21 67711.0
37 67741.0
34 67771.0
36 67801.0
34 67831.0
69 67861.0
31 67891.0
30 67921.0
201 67951.0
493 67981.0
25 68011.0
34 68041.0
27 68071.0
75 68101.0
70 68131.0
51 68161.0
55 68191.0
42 68221.0
49 68251.0
51 68281.0
21 68311.0
30 68341.0
20 68371.0
30 68401.0
18 68431.0
29 68461.0
38 68491.0
39 68521.0
101 68551.0
101 68581.0
53 68611.0
48 68641.0
21 68671.0
29 68701.0
23 68731.0
30 68761.0
21 68791.0
80 68821.0
65 68851.0
65 68881.0
21 68911.0
69 68941.0
25 68971.0
84 69001.0
91 69031.0
58 69061.0
38 69091.0
80 69121.0
33 69151.0
29 69181.0
20 69211.0
40 69241.0
25 69271.0
26 69301.0
20 69331.0
62 69361.0
25 69391.0
37 69421.0
33 69451.0
45 69481.0
28 69511.0
40 69541.0
55 69571.0
46 69601.0
37 69631.0
42 69661.0
21 69691.0
29 69721.0
29 69751.0
36 69781.0
19 69811.0
28 69841.0
23 69871.0
28 69901.0
26 69931.0
34 69961.0
44 69991.0
41 70021.0
24 70051.0
37 70081.0
29 70111.0
42 70141.0
30 70171.0
33 70201.0
31 70231.0
38 70261.0
29 70291.0
41 70321.0
28 70351.0
34 70381.0
24 70411.0
37 70441.0
18 70471.0
27 70501.0
24 70531.0
32 70561.0
467 70591.0
211 70621.0
295 70651.0
68 70681.0
53 70711.0
52 70741.0
102 70771.0
101 70801.0
36 70831.0
102 70861.0
108 70891.0
68 70921.0
32 70951.0
45 70981.0
38 71011.0
46 71041.0
25 71071.0
43 71101.0
33 71131.0
43 71161.0
29 71191.0
37 71221.0
22 71251.0
27 71281.0
21 71311.0
25 71341.0
30 71371.0
26 71401.0
22 71431.0
23 71461.0
23 71491.0
38 71521.0
52 71551.0
56 71581.0
29 71611.0
53 71641.0
79 71671.0
43 71701.0
26 71731.0
33 71761.0
116 71791.0
48 71821.0
39 71851.0
48 71881.0
44 71911.0
72 71941.0
61 71971.0
63 72001.0
99 72031.0
83 72061.0
81 72091.0
54 72121.0
33 72151.0
52 72181.0
25 72211.0
49 72241.0
37 72271.0
38 72301.0
28 72331.0
51 72361.0
23 72391.0
35 72421.0
33 72451.0
48 72481.0
23 72511.0
113 72541.0
90 72571.0
70 72601.0
679 72631.0
426 72661.0
55 72691.0
31 72721.0
21 72751.0
45 72781.0
26 72811.0
37 72841.0
20 72871.0
42 72901.0
35 72931.0
35 72961.0
18 72991.0
20 73021.0
19 73051.0
20 73081.0
21 73111.0
26 73141.0
23 73171.0
30 73201.0
27 73231.0
31 73261.0
22 73291.0
25 73321.0
23 73351.0
27 73381.0
18 73411.0
24 73441.0
21 73471.0
25 73501.0
56 73531.0
41 73561.0
33 73591.0
38 73621.0
20 73651.0
98 73681.0
22 73711.0
26 73741.0
19 73771.0
19 73801.0
20 73831.0
24 73861.0
167 73891.0
29 73921.0
22 73951.0
30 73981.0
23 74011.0
26 74041.0
18 74071.0
62 74101.0
39 74131.0
43 74161.0
32 74191.0
161 74221.0
107 74251.0
43 74281.0
68 74311.0
35 74341.0
21 74371.0
31 74401.0
29 74431.0
63 74461.0
27 74491.0
118 74521.0
33 74551.0
75 74581.0
50 74611.0
40 74641.0
29 74671.0
48 74701.0
115 74731.0
106 74761.0
68 74791.0
53 74821.0
51 74851.0
96 74881.0
49 74911.0
91 74941.0
37 74971.0
44 75001.0
109 75031.0
67 75061.0
87 75091.0
112 75121.0
64 75151.0
77 75181.0
33 75211.0
42 75241.0
23 75271.0
98 75301.0
104 75331.0
83 75361.0
104 75391.0
47 75421.0
31 75451.0
96 75481.0
60 75511.0
50 75541.0
65 75571.0
93 75601.0
35 75631.0
74 75661.0
47 75691.0
44 75721.0
35 75751.0
40 75781.0
25 75811.0
34 75841.0
21 75871.0
29 75901.0
35 75931.0
61 75961.0
46 75991.0
51 76021.0
32 76051.0
48 76081.0
575 76111.0
129 76141.0
53 76171.0
42 76201.0
26 76231.0
30 76261.0
26 76291.0
28 76321.0
29 76351.0
33 76381.0
16 76411.0
19 76441.0
19 76471.0
23 76501.0
21 76531.0
19 76561.0
19 76591.0
20 76621.0
27 76651.0
244 76681.0
39 76711.0
55 76741.0
31 76771.0
60 76801.0
30 76831.0
33 76861.0
17 76891.0
31 76921.0
18 76951.0
24 76981.0
19 77011.0
329 77041.0
183 77071.0
18 77101.0
22 77131.0
26 77161.0
29 77191.0
36 77221.0
27 77251.0
35 77281.0
27 77311.0
291 77341.0
73 77371.0
122 77401.0
66 77431.0
77 77461.0
312 77491.0
196 77521.0
342 77551.0
33 77581.0
26 77611.0
49 77641.0
28 77671.0
41 77701.0
331 77731.0
27 77761.0
188 77791.0
31 77821.0
285 77851.0
27 77881.0
23 77911.0
58 77941.0
62 77971.0
38 78001.0
31 78031.0
51 78061.0
41 78091.0
39 78121.0
24 78151.0
38 78181.0
23 78211.0
30 78241.0
25 78271.0
43 78301.0
32 78331.0
33 78361.0
32 78391.0
47 78421.0
21 78451.0
100 78481.0
88 78511.0
50 78541.0
32 78571.0
36 78601.0
24 78631.0
31 78661.0
29 78691.0
36 78721.0
28 78751.0
32 78781.0
29 78811.0
36 78841.0
27 78871.0
34 78901.0
27 78931.0
31 78961.0
26 78991.0
28 79021.0
24 79051.0
32 79081.0
27 79111.0
27 79141.0
176 79171.0
31 79201.0
29 79231.0
31 79261.0
29 79291.0
34 79321.0
27 79351.0
35 79381.0
29 79411.0
589 79441.0
183 79471.0
33 79501.0
32 79531.0
33 79561.0
32 79591.0
30 79621.0
29 79651.0
29 79681.0
26 79711.0
32 79741.0
27 79771.0
30 79801.0
28 79831.0
32 79861.0
28 79891.0
27 79921.0
28 79951.0
30 79981.0
31 80011.0
173 80041.0
28 80071.0
34 80101.0
30 80131.0
29 80161.0
31 80191.0
29 80221.0
29 80251.0
28 80281.0
31 80311.0
34 80341.0
31 80371.0
30 80401.0
32 80431.0
323 80461.0
199 80491.0
33 80521.0
30 80551.0
342 80581.0
31 80611.0
39 80641.0
31 80671.0
37 80701.0
32 80731.0
54 80761.0
37 80791.0
42 80821.0
25 80851.0
44 80881.0
31 80911.0
59 80941.0
40 80971.0
63 81001.0
33 81031.0
52 81061.0
33 81091.0
54 81121.0
32 81151.0
95 81181.0
22 81211.0
32 81241.0
32 81271.0
59 81301.0
45 81331.0
125 81361.0
59 81391.0
114 81421.0
31 81451.0
83 81481.0
60 81511.0
60 81541.0
40 81571.0
45 81601.0
47 81631.0
58 81661.0
68 81691.0
68 81721.0
32 81751.0
73 81781.0
27 81811.0
45 81841.0
566 81871.0
92 81901.0
28 81931.0
28 81961.0
27 81991.0
27 82021.0
15 82051.0
19 82081.0
118 82111.0
32 82141.0
33 82171.0
38 82201.0
25 82231.0
37 82261.0
18 82291.0
26 82321.0
15 82351.0
23 82381.0
224 82411.0
328 82441.0
32 82471.0
33 82501.0
30 82531.0
43 82561.0
29 82591.0
35 82621.0
24 82651.0
29 82681.0
31 82711.0
36 82741.0
27 82771.0
33 82801.0
24 82831.0
44 82861.0
28 82891.0
37 82921.0
31 82951.0
38 82981.0
32 83011.0
36 83041.0
30 83071.0
35 83101.0
27 83131.0
25 83161.0
27 83191.0
534 83221.0
13 83251.0
13 83281.0
13 83311.0
11 83341.0
11 83371.0
15 83401.0
12 83431.0
12 83461.0
11 83491.0
13 83521.0
11 83551.0
12 83581.0
11 83611.0
10 83641.0
13 83671.0
13 83701.0
10 83731.0
12 83761.0
15 83791.0
15 83821.0
11 83851.0
13 83881.0
12 83911.0
13 83941.0
13 83971.0
12 84001.0
14 84031.0
14 84061.0
11 84091.0
11 84121.0
30 84151.0
24 84181.0
845 84211.0
110 84241.0
111 84271.0
130 84301.0
462 84331.0
832 84361.0
180 84391.0
249 84421.0
211 84451.0
151 84481.0
141 84511.0
184 84541.0
296 84571.0
267 84601.0
99 84631.0
740 84661.0
427 84691.0
