82
11
12
17
434
44
29
39
21
57
72
85
50
26
11
36
25
33
15
31
21
41
18
42
25
30
13
23
13
38
29
35
17
41
29
47
26
31
15
30
18
28
10
26
31
37
73
32
13
28
7
66
22
29
15
27
18
31
19
37
30
35
20
32
17
29
14
21
14
30
18
25
12
25
15
29
17
24
13
34
20
33
24
22
15
21
10
13
15
32
25
27
17
29
14
61
9
16
11
27
80
97
25
19
14
20
59
20
28
32
20
29
19
26
15
25
10
20
9
18
12
23
13
22
22
34
12
25
17
19
10
18
8
24
13
15
21
31
35
35
24
28
31
54
24
31
20
593
59
49
39
43
21
38
13
27
18
32
11
28
14
30
17
22
15
26
26
35
21
55
15
24
11
16
68
53
12
22
33
39
21
45
33
33
15
614
11
29
24
26
18
69
15
19
10
17
57
28
14
14
9
16
9
17
15
17
9
16
13
14
19
20
12
15
14
28
23
29
26
31
14
27
19
32
16
25
18
33
15
32
19
23
14
23
13
36
17
35
22
26
24
21
18
16
16
24
14
21
12
30
21
28
13
32
19
28
17
626
19
49
34
49
81
54
27
46
20
58
606
34
29
31
78
51
41
38
41
68
78
26
84
82
20
78
54
33
41
22
16
87
62
37
20
25
15
27
31
77
13
26
63
28
17
28
15
18
9
22
11
15
8
13
10
24
15
23
14
17
618
38
37
54
25
53
39
57
33
34
11
47
11
42
24
621
12
23
21
21
32
73
12
76
14
27
14
94
25
18
16
21
7
22
8
21
10
18
13
16
7
20
9
15
11
14
10
621
20
39
46
42
32
44
20
38
13
28
28
49
11
21
64
83
13
29
40
66
16
42
67
41
25
39
16
36
34
32
11
30
18
41
21
35
19
28
11
36
15
63
14
35
21
638
57
62
20
78
20
94
11
24
27
30
24
31
16
23
13
23
15
20
18
29
23
26
19
33
38
32
32
30
41
94
614
91
61
49
93
99
40
43
26
45
66
43
42
48
28
46
26
45
27
41
19
37
18
29
16
30
19
27
36
42
23
53
27
45
36
46
24
42
22
68
54
33
16
23
17
100
50
69
21
29
13
22
10
19
15
31
21
32
28
20
14
30
16
26
19
30
17
22
22
26
10
18
14
18
18
24
16
24
17
23
43
62
26
50
21
45
25
54
28
44
39
37
19
39
21
55
639
29
515
85
51
46
25
41
60
33
13
27
12
24
13
20
10
20
12
19
15
23
17
21
11
22
11
22
13
17
19
23
11
17
13
30
17
19
16
24
15
28
15
24
32
53
21
46
14
35
11
23
13
31
18
21
29
53
33
46
20
86
31
42
30
35
100
74
20
34
31
45
14
36
36
47
17
37
23
25
14
29
29
44
16
37
43
44
27
39
29
32
14
40
14
24
10
23
12
35
15
29
10
29
19
27
12
28
16
33
9
17
10
17
11
43
26
44
21
32
36
40
35
55
19
43
31
507
643
86
59
69
37
49
24
45
46
67
48
59
32
28
21
49
18
48
22
36
45
54
603
50
598
47
37
591
604
60
66
655
20
37
33
502
30
41
46
537
21
13
20
38
10
422
27
42
32
29
16
33
27
35
24
37
15
33
15
38
11
22
12
32
14
28
13
20
14
29
22
38
27
37
20
31
13
74
29
69
27
35
62
23
78
70
23
30
28
24
10
23
14
30
8
24
32
31
12
28
13
20
20
36
29
456
26
25
17
31
15
33
11
23
11
20
13
22
11
24
14
13
13
23
11
27
29
35
16
29
21
30
23
30
14
30
8
13
12
35
16
21
11
22
15
33
15
35
11
42
26
47
18
37
10
33
12
25
9
23
7
13
14
17
11
18
9
14
12
13
8
10
8
24
13
30
13
30
8
20
17
24
10
24
22
22
18
33
19
26
25
33
611
51
50
55
40
52
30
57
22
27
16
44
16
27
13
42
10
26
19
42
15
28
11
33
13
31
14
57
20
64
26
47
18
54
25
46
19
74
58
64
24
48
20
50
13
62
55
61
17
52
21
36
15
32
20
27
17
60
19
66
50
66
593
34
40
35
36
595
43
63
40
52
35
60
26
66
58
47
35
578
8
18
15
19
15
11
14
15
7
7
7
9
13
13
19
13
16
9
7
20
27
590
30
144
920
193
159
248
115
138
86
123
913
70
49
59
41
104
29
57
1053
992
475
793
624
175
436
167
171
191
139
494
317
98
198
173
101
235
333
303
66
391
526
237
258
140
336
261
243
324
300
275
222
273
280
343
365
406
346
336
115
85
253
133
252
293
333
179
225
125
58
443
81
119
381
401
339
374
297
382
105
172
326
338
322
351
244
256
87
176
152
120
91
107
445
328
286
338
289
316
315
388
351
300
217
229
191
249
236
291
261
197
141
260
199
233
113
126
197
239
169
207
153
130
118
129
86
108
46
91
100
100
82
325
241
261
331
339
110
443
480
428
427
381
388
388
121
142
192
148
133
153
63
125
153
164
105
100
54
67
57
90
35
84
25
86
30
72
27
54
24
105
100
104
172
132
117
354
195
151
178
100
42
137
114
222
123
151
161
134
124
134
75
114
72
784
354
193
181
200
164
241
239
923
210
104
111
228
95
88
148
521
124
104
106
214
68
97
66
140
105
181
109
184
97
118
333
342
156
86
909
198
135
146
75
145
171
158
401
153
179
199
134
779
268
126
78
130
51
130
133
130
605
96
45
327
89
373
379
180
71
90
49
103
45
67
83
105
63
97
58
431
182
84
60
125
80
123
82
74
67
72
77
146
103
408
132
130
63
77
108
434
119
103
108
109
162
93
51
72
371
282
104
460
86
85
286
316
378
176
88
144
34
88
97
86
267
69
89
81
58
55
70
69
80
64
48
74
96
123
133
110
115
64
105
124
37
89
221
164
131
303
69
129
190
94
97
368
415
101
204
476
378
329
81
88
259
275
306
124
68
263
112
175
217
343
313
166
71
108
36
76
92
72
103
61
45
84
39
100
55
61
28
74
25
91
393
122
108
81
425
196
81
426
77
83
447
96
59
115
29
341
61
45
33
66
61
38
66
60
93
99
42
94
48
64
34
65
29
80
20
56
28
43
24
39
23
43
16
38
28
37
26
28
22
36
26
38
22
98
30
65
52
63
52
77
68
67
40
57
83
269
664
236
245
73
87
97
257
225
229
386
381
275
192
97
88
98
117
115
63
109
131
127
174
72
79
195
57
95
197
93
67
109
67
765
176
1515
1535
96
74
110
60
53
44
40
41
27
35
73
